0.00000000 0.50016632
0.00062500 0.50022174
0.00125000 0.50027717
0.00187500 0.50033259
0.00250000 0.50038802
0.00312500 0.50044344
0.00375000 0.50049887
0.00437500 0.50055429
0.00500000 0.50060972
0.00562500 0.50066514
0.00625000 0.50072057
0.00687500 0.50077599
0.00750000 0.50083142
0.00812500 0.50088684
0.00875000 0.50094227
0.00937500 0.50099769
0.01000000 0.50105312
0.01062500 0.50110854
0.01125000 0.50116397
0.01187500 0.50121939
0.01250000 0.50127482
0.01312500 0.50133024
0.01375000 0.50138567
0.01437500 0.50144109
0.01500000 0.50149652
0.01562500 0.50155194
0.01625000 0.50160737
0.01687500 0.50166279
0.01750000 0.50171822
0.01812500 0.50177364
0.01875000 0.50182907
0.01937500 0.50188449
0.02000000 0.50193992
0.02062500 0.50199534
0.02125000 0.50205077
0.02187500 0.50210619
0.02250000 0.50216162
0.02312500 0.50221704
0.02375000 0.50227247
0.02437500 0.50232789
0.02500000 0.50238332
0.02562500 0.50243874
0.02625000 0.50249417
0.02687500 0.50254959
0.02750000 0.50260502
0.02812500 0.50266044
0.02875000 0.50271587
0.02937500 0.50277129
0.03000000 0.50282672
0.03062500 0.50288214
0.03125000 0.50293757
0.03187500 0.50299299
0.03250000 0.50304841
0.03312500 0.50310383
0.03375000 0.50315926
0.03437500 0.50321468
0.03500000 0.50327011
0.03562500 0.50332553
0.03625000 0.50338096
0.03687500 0.50343638
0.03750000 0.50349181
0.03812500 0.50354723
0.03875000 0.50360266
0.03937500 0.50365808
0.04000000 0.50371351
0.04062500 0.50376893
0.04125000 0.50382436
0.04187500 0.50387978
0.04250000 0.50393521
0.04312500 0.50399063
0.04375000 0.50404605
0.04437500 0.50410147
0.04500000 0.50415690
0.04562500 0.50421232
0.04625000 0.50426775
0.04687500 0.50432317
0.04750000 0.50437860
0.04812500 0.50443402
0.04875000 0.50448945
0.04937500 0.50454487
0.05000000 0.50460030
0.05062500 0.50465571
0.05125000 0.50471114
0.05187500 0.50476656
0.05250000 0.50482199
0.05312500 0.50487741
0.05375000 0.50493284
0.05437500 0.50498826
0.05500000 0.50504369
0.05562500 0.50509911
0.05625000 0.50515453
0.05687500 0.50520995
0.05750000 0.50526538
0.05812500 0.50532080
0.05875000 0.50537623
0.05937500 0.50543165
0.06000000 0.50548708
0.06062500 0.50554249
0.06125000 0.50559792
0.06187500 0.50565334
0.06250000 0.50570877
0.06312500 0.50576419
0.06375000 0.50581962
0.06437500 0.50587504
0.06500000 0.50593046
0.06562500 0.50598588
0.06625000 0.50604131
0.06687500 0.50609673
0.06750000 0.50615216
0.06812500 0.50620757
0.06875000 0.50626300
0.06937500 0.50631842
0.07000000 0.50637385
0.07062500 0.50642927
0.07125000 0.50648469
0.07187500 0.50654011
0.07250000 0.50659554
0.07312500 0.50665096
0.07375000 0.50670639
0.07437500 0.50676180
0.07500000 0.50681723
0.07562500 0.50687265
0.07625000 0.50692808
0.07687500 0.50698349
0.07750000 0.50703892
0.07812500 0.50709434
0.07875000 0.50714977
0.07937500 0.50720518
0.08000000 0.50726061
0.08062500 0.50731603
0.08125000 0.50737146
0.08187500 0.50742687
0.08250000 0.50748230
0.08312500 0.50753772
0.08375000 0.50759315
0.08437500 0.50764856
0.08500000 0.50770399
0.08562500 0.50775941
0.08625000 0.50781483
0.08687500 0.50787025
0.08750000 0.50792568
0.08812500 0.50798109
0.08875000 0.50803652
0.08937500 0.50809194
0.09000000 0.50814736
0.09062500 0.50820278
0.09125000 0.50825821
0.09187500 0.50831362
0.09250000 0.50836905
0.09312500 0.50842447
0.09375000 0.50847989
0.09437500 0.50853531
0.09500000 0.50859074
0.09562500 0.50864615
0.09625000 0.50870158
0.09687500 0.50875699
0.09750000 0.50881242
0.09812500 0.50886784
0.09875000 0.50892326
0.09937500 0.50897868
0.10000000 0.50903411
0.10062500 0.50908952
0.10125000 0.50914495
0.10187500 0.50920036
0.10250000 0.50925579
0.10312500 0.50931120
0.10375000 0.50936663
0.10437500 0.50942205
0.10500000 0.50947747
0.10562500 0.50953289
0.10625000 0.50958831
0.10687500 0.50964373
0.10750000 0.50969915
0.10812500 0.50975457
0.10875000 0.50980999
0.10937500 0.50986541
0.11000000 0.50992083
0.11062500 0.50997625
0.11125000 0.51003167
0.11187500 0.51008709
0.11250000 0.51014251
0.11312500 0.51019793
0.11375000 0.51025335
0.11437500 0.51030877
0.11500000 0.51036419
0.11562500 0.51041961
0.11625000 0.51047503
0.11687500 0.51053045
0.11750000 0.51058587
0.11812500 0.51064128
0.11875000 0.51069671
0.11937500 0.51075212
0.12000000 0.51080755
0.12062500 0.51086296
0.12125000 0.51091839
0.12187500 0.51097380
0.12250000 0.51102922
0.12312500 0.51108464
0.12375000 0.51114006
0.12437500 0.51119547
0.12500000 0.51125090
0.12562500 0.51130631
0.12625000 0.51136174
0.12687500 0.51141715
0.12750000 0.51147257
0.12812500 0.51152798
0.12875000 0.51158341
0.12937500 0.51163882
0.13000000 0.51169425
0.13062500 0.51174966
0.13125000 0.51180508
0.13187500 0.51186049
0.13250000 0.51191592
0.13312500 0.51197133
0.13375000 0.51202675
0.13437500 0.51208216
0.13500000 0.51213759
0.13562500 0.51219300
0.13625000 0.51224842
0.13687500 0.51230383
0.13750000 0.51235926
0.13812500 0.51241467
0.13875000 0.51247009
0.13937500 0.51252550
0.14000000 0.51258093
0.14062500 0.51263634
0.14125000 0.51269176
0.14187500 0.51274717
0.14250000 0.51280259
0.14312500 0.51285800
0.14375000 0.51291343
0.14437500 0.51296884
0.14500000 0.51302426
0.14562500 0.51307967
0.14625000 0.51313509
0.14687500 0.51319050
0.14750000 0.51324593
0.14812500 0.51330133
0.14875000 0.51335676
0.14937500 0.51341217
0.15000000 0.51346759
0.15062500 0.51352300
0.15125000 0.51357842
0.15187500 0.51363383
0.15250000 0.51368925
0.15312500 0.51374466
0.15375000 0.51380008
0.15437500 0.51385549
0.15500000 0.51391091
0.15562500 0.51396632
0.15625000 0.51402174
0.15687500 0.51407715
0.15750000 0.51413257
0.15812500 0.51418798
0.15875000 0.51424340
0.15937500 0.51429881
0.16000000 0.51435423
0.16062500 0.51440964
0.16125000 0.51446506
0.16187500 0.51452047
0.16250000 0.51457589
0.16312500 0.51463130
0.16375000 0.51468672
0.16437500 0.51474213
0.16500000 0.51479755
0.16562500 0.51485295
0.16625000 0.51490838
0.16687500 0.51496378
0.16750000 0.51501920
0.16812500 0.51507461
0.16875000 0.51513003
0.16937500 0.51518543
0.17000000 0.51524086
0.17062500 0.51529626
0.17125000 0.51535168
0.17187500 0.51540709
0.17250000 0.51546251
0.17312500 0.51551791
0.17375000 0.51557334
0.17437500 0.51562874
0.17500000 0.51568416
0.17562500 0.51573956
0.17625000 0.51579499
0.17687500 0.51585039
0.17750000 0.51590581
0.17812500 0.51596121
0.17875000 0.51601663
0.17937500 0.51607204
0.18000000 0.51612746
0.18062500 0.51618286
0.18125000 0.51623828
0.18187500 0.51629368
0.18250000 0.51634911
0.18312500 0.51640451
0.18375000 0.51645993
0.18437500 0.51651533
0.18500000 0.51657075
0.18562500 0.51662615
0.18625000 0.51668157
0.18687500 0.51673697
0.18750000 0.51679239
0.18812500 0.51684779
0.18875000 0.51690322
0.18937500 0.51695861
0.19000000 0.51701404
0.19062500 0.51706943
0.19125000 0.51712486
0.19187500 0.51718025
0.19250000 0.51723568
0.19312500 0.51729107
0.19375000 0.51734650
0.19437500 0.51740189
0.19500000 0.51745732
0.19562500 0.51751271
0.19625000 0.51756814
0.19687500 0.51762353
0.19750000 0.51767895
0.19812500 0.51773435
0.19875000 0.51778977
0.19937500 0.51784517
0.20000000 0.51790059
0.20062500 0.51795598
0.20125000 0.51801141
0.20187500 0.51806680
0.20250000 0.51812223
0.20312500 0.51817762
0.20375000 0.51823304
0.20437500 0.51828843
0.20500000 0.51834386
0.20562500 0.51839925
0.20625000 0.51845467
0.20687500 0.51851006
0.20750000 0.51856549
0.20812500 0.51862088
0.20875000 0.51867630
0.20937500 0.51873169
0.21000000 0.51878712
0.21062500 0.51884251
0.21125000 0.51889793
0.21187500 0.51895332
0.21250000 0.51900875
0.21312500 0.51906413
0.21375000 0.51911956
0.21437500 0.51917495
0.21500000 0.51923037
0.21562500 0.51928576
0.21625000 0.51934119
0.21687500 0.51939657
0.21750000 0.51945200
0.21812500 0.51950738
0.21875000 0.51956281
0.21937500 0.51961819
0.22000000 0.51967362
0.22062500 0.51972900
0.22125000 0.51978443
0.22187500 0.51983981
0.22250000 0.51989524
0.22312500 0.51995062
0.22375000 0.52000605
0.22437500 0.52006143
0.22500000 0.52011686
0.22562500 0.52017224
0.22625000 0.52022767
0.22687500 0.52028305
0.22750000 0.52033848
0.22812500 0.52039385
0.22875000 0.52044929
0.22937500 0.52050466
0.23000000 0.52056009
0.23062500 0.52061547
0.23125000 0.52067090
0.23187500 0.52072627
0.23250000 0.52078171
0.23312500 0.52083708
0.23375000 0.52089251
0.23437500 0.52094788
0.23500000 0.52100332
0.23562500 0.52105869
0.23625000 0.52111413
0.23687500 0.52116949
0.23750000 0.52122493
0.23812500 0.52128030
0.23875000 0.52133574
0.23937500 0.52139110
0.24000000 0.52144654
0.24062500 0.52150190
0.24125000 0.52155734
0.24187500 0.52161270
0.24250000 0.52166815
0.24312500 0.52172351
0.24375000 0.52177895
0.24437500 0.52183431
0.24500000 0.52188975
0.24562500 0.52194511
0.24625000 0.52200055
0.24687500 0.52205591
0.24750000 0.52211135
0.24812500 0.52216671
0.24875000 0.52222215
0.24937500 0.52227751
0.25000000 0.52233295
0.25062500 0.52238830
0.25125000 0.52244375
0.25187500 0.52249910
0.25250000 0.52255455
0.25312500 0.52260990
0.25375000 0.52266535
0.25437500 0.52272070
0.25500000 0.52277615
0.25562500 0.52283149
0.25625000 0.52288695
0.25687500 0.52294229
0.25750000 0.52299774
0.25812500 0.52305308
0.25875000 0.52310854
0.25937500 0.52316388
0.26000000 0.52321934
0.26062500 0.52327467
0.26125000 0.52333013
0.26187500 0.52338547
0.26250000 0.52344093
0.26312500 0.52349626
0.26375000 0.52355172
0.26437500 0.52360705
0.26500000 0.52366252
0.26562500 0.52371784
0.26625000 0.52377331
0.26687500 0.52382864
0.26750000 0.52388410
0.26812500 0.52393943
0.26875000 0.52399490
0.26937500 0.52405022
0.27000000 0.52410569
0.27062500 0.52416101
0.27125000 0.52421648
0.27187500 0.52427180
0.27250000 0.52432727
0.27312500 0.52438258
0.27375000 0.52443806
0.27437500 0.52449337
0.27500000 0.52454885
0.27562500 0.52460416
0.27625000 0.52465964
0.27687500 0.52471495
0.27750000 0.52477043
0.27812500 0.52482573
0.27875000 0.52488122
0.27937500 0.52493652
0.28000000 0.52499201
0.28062500 0.52504730
0.28125000 0.52510279
0.28187500 0.52515809
0.28250000 0.52521358
0.28312500 0.52526887
0.28375000 0.52532437
0.28437500 0.52537965
0.28500000 0.52543515
0.28562500 0.52549044
0.28625000 0.52554594
0.28687500 0.52560122
0.28750000 0.52565672
0.28812500 0.52571200
0.28875000 0.52576750
0.28937500 0.52582278
0.29000000 0.52587829
0.29062500 0.52593356
0.29125000 0.52598907
0.29187500 0.52604434
0.29250000 0.52609985
0.29312500 0.52615512
0.29375000 0.52621063
0.29437500 0.52626590
0.29500000 0.52632142
0.29562500 0.52637667
0.29625000 0.52643220
0.29687500 0.52648745
0.29750000 0.52654298
0.29812500 0.52659823
0.29875000 0.52665376
0.29937500 0.52670900
0.30000000 0.52676453
0.30062500 0.52681978
0.30125000 0.52687531
0.30187500 0.52693055
0.30250000 0.52698609
0.30312500 0.52704133
0.30375000 0.52709687
0.30437500 0.52715210
0.30500000 0.52720764
0.30562500 0.52726287
0.30625000 0.52731842
0.30687500 0.52737364
0.30750000 0.52742920
0.30812500 0.52748441
0.30875000 0.52753997
0.30937500 0.52759518
0.31000000 0.52765074
0.31062500 0.52770595
0.31125000 0.52776152
0.31187500 0.52781672
0.31250000 0.52787229
0.31312500 0.52792749
0.31375000 0.52798306
0.31437500 0.52803826
0.31500000 0.52809384
0.31562500 0.52814903
0.31625000 0.52820461
0.31687500 0.52825979
0.31750000 0.52831538
0.31812500 0.52837056
0.31875000 0.52842615
0.31937500 0.52848132
0.32000000 0.52853692
0.32062500 0.52859209
0.32125000 0.52864769
0.32187500 0.52870285
0.32250000 0.52875845
0.32312500 0.52881361
0.32375000 0.52886922
0.32437500 0.52892438
0.32500000 0.52897999
0.32562500 0.52903514
0.32625000 0.52909075
0.32687500 0.52914590
0.32750000 0.52920152
0.32812500 0.52925666
0.32875000 0.52931228
0.32937500 0.52936742
0.33000000 0.52942305
0.33062500 0.52947818
0.33125000 0.52953381
0.33187500 0.52958893
0.33250000 0.52964458
0.33312500 0.52969969
0.33375000 0.52975534
0.33437500 0.52981045
0.33500000 0.52986610
0.33562500 0.52992120
0.33625000 0.52997686
0.33687500 0.53003196
0.33750000 0.53008762
0.33812500 0.53014271
0.33875000 0.53019838
0.33937500 0.53025347
0.34000000 0.53030914
0.34062500 0.53036422
0.34125000 0.53041990
0.34187500 0.53047497
0.34250000 0.53053066
0.34312500 0.53058572
0.34375000 0.53064141
0.34437500 0.53069647
0.34500000 0.53075217
0.34562500 0.53080722
0.34625000 0.53086293
0.34687500 0.53091797
0.34750000 0.53097368
0.34812500 0.53102872
0.34875000 0.53108444
0.34937500 0.53113947
0.35000000 0.53119519
0.35062500 0.53125022
0.35125000 0.53130594
0.35187500 0.53136096
0.35250000 0.53141669
0.35312500 0.53147171
0.35375000 0.53152745
0.35437500 0.53158245
0.35500000 0.53163820
0.35562500 0.53169320
0.35625000 0.53174895
0.35687500 0.53180394
0.35750000 0.53185970
0.35812500 0.53191468
0.35875000 0.53197045
0.35937500 0.53202542
0.36000000 0.53208119
0.36062500 0.53213616
0.36125000 0.53219194
0.36187500 0.53224690
0.36250000 0.53230269
0.36312500 0.53235764
0.36375000 0.53241344
0.36437500 0.53246838
0.36500000 0.53252418
0.36562500 0.53257912
0.36625000 0.53263493
0.36687500 0.53268986
0.36750000 0.53274567
0.36812500 0.53280059
0.36875000 0.53285641
0.36937500 0.53291133
0.37000000 0.53296715
0.37062500 0.53302206
0.37125000 0.53307790
0.37187500 0.53313280
0.37250000 0.53318864
0.37312500 0.53324353
0.37375000 0.53329938
0.37437500 0.53335426
0.37500000 0.53341012
0.37562500 0.53346499
0.37625000 0.53352086
0.37687500 0.53357573
0.37750000 0.53363159
0.37812500 0.53368646
0.37875000 0.53374233
0.37937500 0.53379718
0.38000000 0.53385307
0.38062500 0.53390791
0.38125000 0.53396380
0.38187500 0.53401864
0.38250000 0.53407454
0.38312500 0.53412937
0.38375000 0.53418527
0.38437500 0.53424009
0.38500000 0.53429601
0.38562500 0.53435082
0.38625000 0.53440674
0.38687500 0.53446154
0.38750000 0.53451747
0.38812500 0.53457227
0.38875000 0.53462820
0.38937500 0.53468299
0.39000000 0.53473893
0.39062500 0.53479371
0.39125000 0.53484966
0.39187500 0.53490443
0.39250000 0.53496039
0.39312500 0.53501515
0.39375000 0.53507112
0.39437500 0.53512587
0.39500000 0.53518184
0.39562500 0.53523659
0.39625000 0.53529257
0.39687500 0.53534731
0.39750000 0.53540330
0.39812500 0.53545802
0.39875000 0.53551402
0.39937500 0.53556874
0.40000000 0.53562474
0.40062500 0.53567946
0.40125000 0.53573547
0.40187500 0.53579017
0.40250000 0.53584619
0.40312500 0.53590088
0.40375000 0.53595691
0.40437500 0.53601160
0.40500000 0.53606763
0.40562500 0.53612231
0.40625000 0.53617835
0.40687500 0.53623302
0.40750000 0.53628907
0.40812500 0.53634373
0.40875000 0.53639979
0.40937500 0.53645444
0.41000000 0.53651050
0.41062500 0.53656515
0.41125000 0.53662122
0.41187500 0.53667586
0.41250000 0.53673194
0.41312500 0.53678656
0.41375000 0.53684265
0.41437500 0.53689727
0.41500000 0.53695336
0.41562500 0.53700798
0.41625000 0.53706408
0.41687500 0.53711868
0.41750000 0.53717479
0.41812500 0.53722938
0.41875000 0.53728550
0.41937500 0.53734009
0.42000000 0.53739621
0.42062500 0.53745079
0.42125000 0.53750692
0.42187500 0.53756149
0.42250000 0.53761763
0.42312500 0.53767219
0.42375000 0.53772833
0.42437500 0.53778289
0.42500000 0.53783904
0.42562500 0.53789359
0.42625000 0.53794975
0.42687500 0.53800429
0.42750000 0.53806045
0.42812500 0.53811498
0.42875000 0.53817116
0.42937500 0.53822568
0.43000000 0.53828186
0.43062500 0.53833637
0.43125000 0.53839256
0.43187500 0.53844707
0.43250000 0.53850326
0.43312500 0.53855776
0.43375000 0.53861396
0.43437500 0.53866845
0.43500000 0.53872466
0.43562500 0.53877915
0.43625000 0.53883536
0.43687500 0.53888984
0.43750000 0.53894606
0.43812500 0.53900053
0.43875000 0.53905675
0.43937500 0.53911122
0.44000000 0.53916745
0.44062500 0.53922190
0.44125000 0.53927814
0.44187500 0.53933259
0.44250000 0.53938883
0.44312500 0.53944328
0.44375000 0.53949953
0.44437500 0.53955396
0.44500000 0.53961022
0.44562500 0.53966465
0.44625000 0.53972091
0.44687500 0.53977533
0.44750000 0.53983160
0.44812500 0.53988602
0.44875000 0.53994229
0.44937500 0.53999670
0.45000000 0.54005297
0.45062500 0.54010738
0.45125000 0.54016366
0.45187500 0.54021806
0.45250000 0.54027435
0.45312500 0.54032874
0.45375000 0.54038503
0.45437500 0.54043942
0.45500000 0.54049571
0.45562500 0.54055010
0.45625000 0.54060640
0.45687500 0.54066077
0.45750000 0.54071708
0.45812500 0.54077145
0.45875000 0.54082776
0.45937500 0.54088212
0.46000000 0.54093844
0.46062500 0.54099280
0.46125000 0.54104912
0.46187500 0.54110347
0.46250000 0.54115979
0.46312500 0.54121415
0.46375000 0.54127047
0.46437500 0.54132482
0.46500000 0.54138115
0.46562500 0.54143549
0.46625000 0.54149182
0.46687500 0.54154616
0.46750000 0.54160249
0.46812500 0.54165683
0.46875000 0.54171317
0.46937500 0.54176749
0.47000000 0.54182384
0.47062500 0.54187816
0.47125000 0.54193451
0.47187500 0.54198883
0.47250000 0.54204518
0.47312500 0.54209949
0.47375000 0.54215584
0.47437500 0.54221016
0.47500000 0.54226651
0.47562500 0.54232082
0.47625000 0.54237718
0.47687500 0.54243148
0.47750000 0.54248784
0.47812500 0.54254214
0.47875000 0.54259851
0.47937500 0.54265281
0.48000000 0.54270917
0.48062500 0.54276347
0.48125000 0.54281983
0.48187500 0.54287412
0.48250000 0.54293049
0.48312500 0.54298478
0.48375000 0.54304115
0.48437500 0.54309544
0.48500000 0.54315181
0.48562500 0.54320609
0.48625000 0.54326247
0.48687500 0.54331675
0.48750000 0.54337312
0.48812500 0.54342740
0.48875000 0.54348378
0.48937500 0.54353806
0.49000000 0.54359443
0.49062500 0.54364871
0.49125000 0.54370508
0.49187500 0.54375936
0.49250000 0.54381574
0.49312500 0.54387001
0.49375000 0.54392639
0.49437500 0.54398066
0.49500000 0.54403704
0.49562500 0.54409131
0.49625000 0.54414768
0.49687500 0.54420196
0.49750000 0.54425833
0.49812500 0.54431260
0.49875000 0.54436898
0.49937500 0.54442325
0.50000000 0.54447962
0.50062500 0.54453389
0.50125000 0.54459027
0.50187500 0.54464454
0.50250000 0.54470091
0.50312500 0.54475518
0.50375000 0.54481155
0.50437500 0.54486582
0.50500000 0.54492219
0.50562500 0.54497646
0.50625000 0.54503283
0.50687500 0.54508710
0.50750000 0.54514347
0.50812500 0.54519774
0.50875000 0.54525411
0.50937500 0.54530838
0.51000000 0.54536474
0.51062500 0.54541902
0.51125000 0.54547538
0.51187500 0.54552965
0.51250000 0.54558601
0.51312500 0.54564029
0.51375000 0.54569664
0.51437500 0.54575092
0.51500000 0.54580727
0.51562500 0.54586155
0.51625000 0.54591791
0.51687500 0.54597219
0.51750000 0.54602853
0.51812500 0.54608282
0.51875000 0.54613916
0.51937500 0.54619345
0.52000000 0.54624979
0.52062500 0.54630408
0.52125000 0.54636041
0.52187500 0.54641470
0.52250000 0.54647104
0.52312500 0.54652533
0.52375000 0.54658166
0.52437500 0.54663596
0.52500000 0.54669228
0.52562500 0.54674658
0.52625000 0.54680290
0.52687500 0.54685720
0.52750000 0.54691352
0.52812500 0.54696783
0.52875000 0.54702414
0.52937500 0.54707845
0.53000000 0.54713476
0.53062500 0.54718907
0.53125000 0.54724538
0.53187500 0.54729969
0.53250000 0.54735599
0.53312500 0.54741031
0.53375000 0.54746661
0.53437500 0.54752092
0.53500000 0.54757722
0.53562500 0.54763154
0.53625000 0.54768783
0.53687500 0.54774216
0.53750000 0.54779844
0.53812500 0.54785277
0.53875000 0.54790905
0.53937500 0.54796338
0.54000000 0.54801966
0.54062500 0.54807400
0.54125000 0.54813026
0.54187500 0.54818461
0.54250000 0.54824087
0.54312500 0.54829522
0.54375000 0.54835147
0.54437500 0.54840583
0.54500000 0.54846208
0.54562500 0.54851643
0.54625000 0.54857268
0.54687500 0.54862704
0.54750000 0.54868328
0.54812500 0.54873765
0.54875000 0.54879388
0.54937500 0.54884825
0.55000000 0.54890448
0.55062500 0.54895885
0.55125000 0.54901507
0.55187500 0.54906946
0.55250000 0.54912567
0.55312500 0.54918006
0.55375000 0.54923626
0.55437500 0.54929066
0.55500000 0.54934686
0.55562500 0.54940126
0.55625000 0.54945745
0.55687500 0.54951185
0.55750000 0.54956804
0.55812500 0.54962245
0.55875000 0.54967863
0.55937500 0.54973305
0.56000000 0.54978922
0.56062500 0.54984364
0.56125000 0.54989980
0.56187500 0.54995423
0.56250000 0.55001039
0.56312500 0.55006482
0.56375000 0.55012098
0.56437500 0.55017542
0.56500000 0.55023156
0.56562500 0.55028601
0.56625000 0.55034214
0.56687500 0.55039659
0.56750000 0.55045272
0.56812500 0.55050718
0.56875000 0.55056330
0.56937500 0.55061777
0.57000000 0.55067388
0.57062500 0.55072835
0.57125000 0.55078446
0.57187500 0.55083894
0.57250000 0.55089503
0.57312500 0.55094952
0.57375000 0.55100561
0.57437500 0.55106010
0.57500000 0.55111618
0.57562500 0.55117068
0.57625000 0.55122676
0.57687500 0.55128126
0.57750000 0.55133733
0.57812500 0.55139184
0.57875000 0.55144790
0.57937500 0.55150241
0.58000000 0.55155847
0.58062500 0.55161299
0.58125000 0.55166903
0.58187500 0.55172356
0.58250000 0.55177960
0.58312500 0.55183414
0.58375000 0.55189016
0.58437500 0.55194471
0.58500000 0.55200073
0.58562500 0.55205528
0.58625000 0.55211129
0.58687500 0.55216585
0.58750000 0.55222185
0.58812500 0.55227642
0.58875000 0.55233241
0.58937500 0.55238698
0.59000000 0.55244297
0.59062500 0.55249755
0.59125000 0.55255353
0.59187500 0.55260811
0.59250000 0.55266408
0.59312500 0.55271868
0.59375000 0.55277464
0.59437500 0.55282924
0.59500000 0.55288519
0.59562500 0.55293980
0.59625000 0.55299574
0.59687500 0.55305036
0.59750000 0.55310629
0.59812500 0.55316092
0.59875000 0.55321684
0.59937500 0.55327147
0.60000000 0.55332739
0.60062500 0.55338203
0.60125000 0.55343794
0.60187500 0.55349258
0.60250000 0.55354849
0.60312500 0.55360314
0.60375000 0.55365903
0.60437500 0.55371369
0.60500000 0.55376957
0.60562500 0.55382424
0.60625000 0.55388012
0.60687500 0.55393479
0.60750000 0.55399066
0.60812500 0.55404534
0.60875000 0.55410120
0.60937500 0.55415588
0.61000000 0.55421173
0.61062500 0.55426643
0.61125000 0.55432227
0.61187500 0.55437697
0.61250000 0.55443281
0.61312500 0.55448751
0.61375000 0.55454334
0.61437500 0.55459806
0.61500000 0.55465387
0.61562500 0.55470860
0.61625000 0.55476441
0.61687500 0.55481913
0.61750000 0.55487494
0.61812500 0.55492967
0.61875000 0.55498546
0.61937500 0.55504021
0.62000000 0.55509599
0.62062500 0.55515074
0.62125000 0.55520652
0.62187500 0.55526127
0.62250000 0.55531704
0.62312500 0.55537181
0.62375000 0.55542757
0.62437500 0.55548234
0.62500000 0.55553809
0.62562500 0.55559287
0.62625000 0.55564861
0.62687500 0.55570339
0.62750000 0.55575913
0.62812500 0.55581392
0.62875000 0.55586965
0.62937500 0.55592445
0.63000000 0.55598017
0.63062500 0.55603497
0.63125000 0.55609068
0.63187500 0.55614549
0.63250000 0.55620120
0.63312500 0.55625601
0.63375000 0.55631171
0.63437500 0.55636653
0.63500000 0.55642222
0.63562500 0.55647705
0.63625000 0.55653273
0.63687500 0.55658757
0.63750000 0.55664324
0.63812500 0.55669808
0.63875000 0.55675375
0.63937500 0.55680860
0.64000000 0.55686426
0.64062500 0.55691911
0.64125000 0.55697476
0.64187500 0.55702962
0.64250000 0.55708527
0.64312500 0.55714013
0.64375000 0.55719577
0.64437500 0.55725064
0.64500000 0.55730627
0.64562500 0.55736115
0.64625000 0.55741677
0.64687500 0.55747165
0.64750000 0.55752727
0.64812500 0.55758215
0.64875000 0.55763776
0.64937500 0.55769266
0.65000000 0.55774826
0.65062500 0.55780316
0.65125000 0.55785875
0.65187500 0.55791366
0.65250000 0.55796925
0.65312500 0.55802416
0.65375000 0.55807974
0.65437500 0.55813465
0.65500000 0.55819023
0.65562500 0.55824515
0.65625000 0.55830072
0.65687500 0.55835564
0.65750000 0.55841120
0.65812500 0.55846614
0.65875000 0.55852169
0.65937500 0.55857663
0.66000000 0.55863218
0.66062500 0.55868712
0.66125000 0.55874266
0.66187500 0.55879761
0.66250000 0.55885314
0.66312500 0.55890809
0.66375000 0.55896362
0.66437500 0.55901858
0.66500000 0.55907410
0.66562500 0.55912906
0.66625000 0.55918458
0.66687500 0.55923954
0.66750000 0.55929505
0.66812500 0.55935002
0.66875000 0.55940553
0.66937500 0.55946050
0.67000000 0.55951600
0.67062500 0.55957098
0.67125000 0.55962647
0.67187500 0.55968146
0.67250000 0.55973694
0.67312500 0.55979193
0.67375000 0.55984741
0.67437500 0.55990241
0.67500000 0.55995788
0.67562500 0.56001288
0.67625000 0.56006835
0.67687500 0.56012335
0.67750000 0.56017881
0.67812500 0.56023382
0.67875000 0.56028928
0.67937500 0.56034429
0.68000000 0.56039974
0.68062500 0.56045475
0.68125000 0.56051020
0.68187500 0.56056522
0.68250000 0.56062066
0.68312500 0.56067568
0.68375000 0.56073112
0.68437500 0.56078614
0.68500000 0.56084157
0.68562500 0.56089660
0.68625000 0.56095203
0.68687500 0.56100706
0.68750000 0.56106248
0.68812500 0.56111751
0.68875000 0.56117293
0.68937500 0.56122797
0.69000000 0.56128338
0.69062500 0.56133842
0.69125000 0.56139383
0.69187500 0.56144888
0.69250000 0.56150428
0.69312500 0.56155933
0.69375000 0.56161472
0.69437500 0.56166978
0.69500000 0.56172517
0.69562500 0.56178022
0.69625000 0.56183561
0.69687500 0.56189067
0.69750000 0.56194605
0.69812500 0.56200111
0.69875000 0.56205649
0.69937500 0.56211156
0.70000000 0.56216693
0.70062500 0.56222200
0.70125000 0.56227737
0.70187500 0.56233244
0.70250000 0.56238780
0.70312500 0.56244288
0.70375000 0.56249824
0.70437500 0.56255331
0.70500000 0.56260867
0.70562500 0.56266375
0.70625000 0.56271910
0.70687500 0.56277418
0.70750000 0.56282953
0.70812500 0.56288461
0.70875000 0.56293996
0.70937500 0.56299504
0.71000000 0.56305039
0.71062500 0.56310547
0.71125000 0.56316081
0.71187500 0.56321590
0.71250000 0.56327123
0.71312500 0.56332633
0.71375000 0.56338166
0.71437500 0.56343675
0.71500000 0.56349208
0.71562500 0.56354717
0.71625000 0.56360250
0.71687500 0.56365759
0.71750000 0.56371291
0.71812500 0.56376801
0.71875000 0.56382333
0.71937500 0.56387843
0.72000000 0.56393374
0.72062500 0.56398885
0.72125000 0.56404416
0.72187500 0.56409926
0.72250000 0.56415457
0.72312500 0.56420967
0.72375000 0.56426498
0.72437500 0.56432009
0.72500000 0.56437538
0.72562500 0.56443050
0.72625000 0.56448579
0.72687500 0.56454090
0.72750000 0.56459620
0.72812500 0.56465131
0.72875000 0.56470660
0.72937500 0.56476171
0.73000000 0.56481700
0.73062500 0.56487212
0.73125000 0.56492740
0.73187500 0.56498252
0.73250000 0.56503780
0.73312500 0.56509292
0.73375000 0.56514820
0.73437500 0.56520332
0.73500000 0.56525859
0.73562500 0.56531371
0.73625000 0.56536899
0.73687500 0.56542411
0.73750000 0.56547938
0.73812500 0.56553450
0.73875000 0.56558977
0.73937500 0.56564489
0.74000000 0.56570016
0.74062500 0.56575528
0.74125000 0.56581054
0.74187500 0.56586567
0.74250000 0.56592093
0.74312500 0.56597606
0.74375000 0.56603131
0.74437500 0.56608644
0.74500000 0.56614170
0.74562500 0.56619683
0.74625000 0.56625208
0.74687500 0.56630721
0.74750000 0.56636246
0.74812500 0.56641759
0.74875000 0.56647283
0.74937500 0.56652797
0.75000000 0.56658321
0.75062500 0.56663835
0.75125000 0.56669358
0.75187500 0.56674872
0.75250000 0.56680396
0.75312500 0.56685909
0.75375000 0.56691433
0.75437500 0.56696947
0.75500000 0.56702470
0.75562500 0.56707984
0.75625000 0.56713507
0.75687500 0.56719020
0.75750000 0.56724543
0.75812500 0.56730057
0.75875000 0.56735580
0.75937500 0.56741094
0.76000000 0.56746616
0.76062500 0.56752130
0.76125000 0.56757652
0.76187500 0.56763166
0.76250000 0.56768688
0.76312500 0.56774202
0.76375000 0.56779724
0.76437500 0.56785238
0.76500000 0.56790759
0.76562500 0.56796273
0.76625000 0.56801795
0.76687500 0.56807309
0.76750000 0.56812830
0.76812500 0.56818344
0.76875000 0.56823865
0.76937500 0.56829379
0.77000000 0.56834900
0.77062500 0.56840414
0.77125000 0.56845935
0.77187500 0.56851449
0.77250000 0.56856970
0.77312500 0.56862484
0.77375000 0.56868004
0.77437500 0.56873518
0.77500000 0.56879038
0.77562500 0.56884552
0.77625000 0.56890072
0.77687500 0.56895587
0.77750000 0.56901106
0.77812500 0.56906620
0.77875000 0.56912140
0.77937500 0.56917654
0.78000000 0.56923174
0.78062500 0.56928688
0.78125000 0.56934207
0.78187500 0.56939721
0.78250000 0.56945240
0.78312500 0.56950754
0.78375000 0.56956273
0.78437500 0.56961787
0.78500000 0.56967306
0.78562500 0.56972820
0.78625000 0.56978339
0.78687500 0.56983853
0.78750000 0.56989371
0.78812500 0.56994885
0.78875000 0.57000404
0.78937500 0.57005918
0.79000000 0.57011436
0.79062500 0.57016950
0.79125000 0.57022468
0.79187500 0.57027982
0.79250000 0.57033500
0.79312500 0.57039014
0.79375000 0.57044531
0.79437500 0.57050045
0.79500000 0.57055563
0.79562500 0.57061077
0.79625000 0.57066594
0.79687500 0.57072108
0.79750000 0.57077625
0.79812500 0.57083139
0.79875000 0.57088656
0.79937500 0.57094170
0.80000000 0.57099687
0.80062500 0.57105201
0.80125000 0.57110718
0.80187500 0.57116231
0.80250000 0.57121748
0.80312500 0.57127262
0.80375000 0.57132778
0.80437500 0.57138292
0.80500000 0.57143808
0.80562500 0.57149322
0.80625000 0.57154838
0.80687500 0.57160352
0.80750000 0.57165868
0.80812500 0.57171381
0.80875000 0.57176897
0.80937500 0.57182411
0.81000000 0.57187927
0.81062500 0.57193440
0.81125000 0.57198956
0.81187500 0.57204469
0.81250000 0.57209985
0.81312500 0.57215498
0.81375000 0.57221014
0.81437500 0.57226527
0.81500000 0.57232042
0.81562500 0.57237555
0.81625000 0.57243071
0.81687500 0.57248584
0.81750000 0.57254099
0.81812500 0.57259612
0.81875000 0.57265127
0.81937500 0.57270640
0.82000000 0.57276155
0.82062500 0.57281668
0.82125000 0.57287182
0.82187500 0.57292695
0.82250000 0.57298210
0.82312500 0.57303723
0.82375000 0.57309237
0.82437500 0.57314750
0.82500000 0.57320264
0.82562500 0.57325777
0.82625000 0.57331291
0.82687500 0.57336804
0.82750000 0.57342318
0.82812500 0.57347831
0.82875000 0.57353345
0.82937500 0.57358857
0.83000000 0.57364371
0.83062500 0.57369884
0.83125000 0.57375397
0.83187500 0.57380910
0.83250000 0.57386423
0.83312500 0.57391936
0.83375000 0.57397449
0.83437500 0.57402961
0.83500000 0.57408475
0.83562500 0.57413987
0.83625000 0.57419500
0.83687500 0.57425012
0.83750000 0.57430525
0.83812500 0.57436038
0.83875000 0.57441551
0.83937500 0.57447063
0.84000000 0.57452575
0.84062500 0.57458087
0.84125000 0.57463600
0.84187500 0.57469112
0.84250000 0.57474625
0.84312500 0.57480136
0.84375000 0.57485649
0.84437500 0.57491161
0.84500000 0.57496673
0.84562500 0.57502185
0.84625000 0.57507697
0.84687500 0.57513209
0.84750000 0.57518721
0.84812500 0.57524232
0.84875000 0.57529744
0.84937500 0.57535256
0.85000000 0.57540768
0.85062500 0.57546279
0.85125000 0.57551791
0.85187500 0.57557302
0.85250000 0.57562814
0.85312500 0.57568325
0.85375000 0.57573836
0.85437500 0.57579348
0.85500000 0.57584859
0.85562500 0.57590370
0.85625000 0.57595881
0.85687500 0.57601392
0.85750000 0.57606904
0.85812500 0.57612414
0.85875000 0.57617926
0.85937500 0.57623436
0.86000000 0.57628947
0.86062500 0.57634458
0.86125000 0.57639969
0.86187500 0.57645480
0.86250000 0.57650990
0.86312500 0.57656501
0.86375000 0.57662012
0.86437500 0.57667522
0.86500000 0.57673033
0.86562500 0.57678543
0.86625000 0.57684053
0.86687500 0.57689564
0.86750000 0.57695074
0.86812500 0.57700584
0.86875000 0.57706095
0.86937500 0.57711605
0.87000000 0.57717115
0.87062500 0.57722625
0.87125000 0.57728135
0.87187500 0.57733645
0.87250000 0.57739155
0.87312500 0.57744664
0.87375000 0.57750174
0.87437500 0.57755684
0.87500000 0.57761194
0.87562500 0.57766703
0.87625000 0.57772213
0.87687500 0.57777722
0.87750000 0.57783232
0.87812500 0.57788741
0.87875000 0.57794251
0.87937500 0.57799760
0.88000000 0.57805269
0.88062500 0.57810778
0.88125000 0.57816288
0.88187500 0.57821797
0.88250000 0.57827306
0.88312500 0.57832815
0.88375000 0.57838324
0.88437500 0.57843833
0.88500000 0.57849342
0.88562500 0.57854851
0.88625000 0.57860359
0.88687500 0.57865868
0.88750000 0.57871377
0.88812500 0.57876885
0.88875000 0.57882394
0.88937500 0.57887902
0.89000000 0.57893411
0.89062500 0.57898919
0.89125000 0.57904428
0.89187500 0.57909936
0.89250000 0.57915444
0.89312500 0.57920953
0.89375000 0.57926461
0.89437500 0.57931969
0.89500000 0.57937477
0.89562500 0.57942985
0.89625000 0.57948493
0.89687500 0.57954001
0.89750000 0.57959509
0.89812500 0.57965016
0.89875000 0.57970524
0.89937500 0.57976032
0.90000000 0.57981540
0.90062500 0.57987047
0.90125000 0.57992555
0.90187500 0.57998062
0.90250000 0.58003570
0.90312500 0.58009077
0.90375000 0.58014584
0.90437500 0.58020092
0.90500000 0.58025599
0.90562500 0.58031106
0.90625000 0.58036613
0.90687500 0.58042120
0.90750000 0.58047627
0.90812500 0.58053134
0.90875000 0.58058641
0.90937500 0.58064148
0.91000000 0.58069655
0.91062500 0.58075162
0.91125000 0.58080668
0.91187500 0.58086175
0.91250000 0.58091682
0.91312500 0.58097188
0.91375000 0.58102695
0.91437500 0.58108201
0.91500000 0.58113707
0.91562500 0.58119214
0.91625000 0.58124720
0.91687500 0.58130226
0.91750000 0.58135732
0.91812500 0.58141239
0.91875000 0.58146745
0.91937500 0.58152251
0.92000000 0.58157757
0.92062500 0.58163263
0.92125000 0.58168768
0.92187500 0.58174274
0.92250000 0.58179780
0.92312500 0.58185286
0.92375000 0.58190791
0.92437500 0.58196297
0.92500000 0.58201802
0.92562500 0.58207308
0.92625000 0.58212813
0.92687500 0.58218319
0.92750000 0.58223824
0.92812500 0.58229329
0.92875000 0.58234834
0.92937500 0.58240340
0.93000000 0.58245845
0.93062500 0.58251350
0.93125000 0.58256855
0.93187500 0.58262360
0.93250000 0.58267865
0.93312500 0.58273369
0.93375000 0.58278874
0.93437500 0.58284379
0.93500000 0.58289884
0.93562500 0.58295388
0.93625000 0.58300893
0.93687500 0.58306397
0.93750000 0.58311902
0.93812500 0.58317406
0.93875000 0.58322910
0.93937500 0.58328415
0.94000000 0.58333919
0.94062500 0.58339423
0.94125000 0.58344927
0.94187500 0.58350431
0.94250000 0.58355935
0.94312500 0.58361439
0.94375000 0.58366943
0.94437500 0.58372447
0.94500000 0.58377951
0.94562500 0.58383455
0.94625000 0.58388958
0.94687500 0.58394462
0.94750000 0.58399965
0.94812500 0.58405469
0.94875000 0.58410972
0.94937500 0.58416476
0.95000000 0.58421979
0.95062500 0.58427482
0.95125000 0.58432986
0.95187500 0.58438489
0.95250000 0.58443992
0.95312500 0.58449495
0.95375000 0.58454998
0.95437500 0.58460501
0.95500000 0.58466004
0.95562500 0.58471507
0.95625000 0.58477009
0.95687500 0.58482512
0.95750000 0.58488015
0.95812500 0.58493517
0.95875000 0.58499020
0.95937500 0.58504523
0.96000000 0.58510025
0.96062500 0.58515527
0.96125000 0.58521030
0.96187500 0.58526532
0.96250000 0.58532034
0.96312500 0.58537536
0.96375000 0.58543038
0.96437500 0.58548540
0.96500000 0.58554042
0.96562500 0.58559544
0.96625000 0.58565046
0.96687500 0.58570547
0.96750000 0.58576048
0.96812500 0.58581550
0.96875000 0.58587051
0.96937500 0.58592551
0.97000000 0.58598051
0.97062500 0.58603550
0.97125000 0.58609049
0.97187500 0.58614546
0.97250000 0.58620042
0.97312500 0.58625535
0.97375000 0.58631025
0.97437500 0.58636510
0.97500000 0.58641989
0.97562500 0.58647459
0.97625000 0.58652916
0.97687500 0.58658357
0.97750000 0.58663773
0.97812500 0.58669155
0.97875000 0.58674490
0.97937500 0.58679758
0.98000000 0.58684934
0.98062500 0.58689981
0.98125000 0.58694846
0.98187500 0.58699459
0.98250000 0.58703717
0.98312500 0.58707480
0.98375000 0.58710552
0.98437500 0.58712655
0.98500000 0.58713407
0.98562500 0.58712271
0.98625000 0.58708498
0.98687500 0.58701047
0.98750000 0.58688472
0.98812500 0.58668767
0.98875000 0.58639166
0.98937500 0.58595869
0.99000000 0.58533700
0.99062500 0.58445679
0.99125000 0.58322534
0.99187500 0.58152199
0.99250000 0.57919422
0.99312500 0.57605707
0.99375000 0.57189923
0.99437500 0.56650017
0.99500000 0.55966168
0.99562500 0.55125391
0.99625000 0.54126849
0.99687500 0.52986261
0.99750000 0.51737368
0.99812500 0.50428975
0.99875000 0.49117767
0.99937500 0.47858998
1.00000000 0.46698093
1.00062500 0.45665550
1.00125000 0.44775910
1.00187500 0.44029944
1.00250000 0.43418523
1.00312500 0.42926699
1.00375000 0.42537101
1.00437500 0.42232326
1.00500000 0.41996361
1.00562500 0.41815261
1.00625000 0.41677341
1.00687500 0.41573064
1.00750000 0.41494806
1.00812500 0.41436553
1.00875000 0.41393616
1.00937500 0.41362366
1.01000000 0.41340012
1.01062500 0.41324417
1.01125000 0.41313950
1.01187500 0.41307370
1.01250000 0.41303734
1.01312500 0.41302326
1.01375000 0.41302603
1.01437500 0.41304155
1.01500000 0.41306671
1.01562500 0.41309916
1.01625000 0.41313712
1.01687500 0.41317924
1.01750000 0.41322450
1.01812500 0.41327215
1.01875000 0.41332160
1.01937500 0.41337240
1.02000000 0.41342423
1.02062500 0.41347684
1.02125000 0.41353003
1.02187500 0.41358367
1.02250000 0.41363764
1.02312500 0.41369187
1.02375000 0.41374629
1.02437500 0.41380085
1.02500000 0.41385553
1.02562500 0.41391028
1.02625000 0.41396510
1.02687500 0.41401997
1.02750000 0.41407488
1.02812500 0.41412981
1.02875000 0.41418476
1.02937500 0.41423973
1.03000000 0.41429471
1.03062500 0.41434970
1.03125000 0.41440470
1.03187500 0.41445971
1.03250000 0.41451471
1.03312500 0.41456973
1.03375000 0.41462474
1.03437500 0.41467976
1.03500000 0.41473477
1.03562500 0.41478979
1.03625000 0.41484481
1.03687500 0.41489984
1.03750000 0.41495486
1.03812500 0.41500988
1.03875000 0.41506491
1.03937500 0.41511994
1.04000000 0.41517496
1.04062500 0.41522999
1.04125000 0.41528502
1.04187500 0.41534004
1.04250000 0.41539507
1.04312500 0.41545010
1.04375000 0.41550513
1.04437500 0.41556016
1.04500000 0.41561519
1.04562500 0.41567023
1.04625000 0.41572526
1.04687500 0.41578029
1.04750000 0.41583532
1.04812500 0.41589036
1.04875000 0.41594539
1.04937500 0.41600043
1.05000000 0.41605546
1.05062500 0.41611050
1.05125000 0.41616554
1.05187500 0.41622057
1.05250000 0.41627561
1.05312500 0.41633065
1.05375000 0.41638569
1.05437500 0.41644073
1.05500000 0.41649577
1.05562500 0.41655081
1.05625000 0.41660585
1.05687500 0.41666089
1.05750000 0.41671593
1.05812500 0.41677098
1.05875000 0.41682602
1.05937500 0.41688106
1.06000000 0.41693611
1.06062500 0.41699115
1.06125000 0.41704620
1.06187500 0.41710125
1.06250000 0.41715629
1.06312500 0.41721134
1.06375000 0.41726639
1.06437500 0.41732144
1.06500000 0.41737648
1.06562500 0.41743153
1.06625000 0.41748658
1.06687500 0.41754163
1.06750000 0.41759668
1.06812500 0.41765174
1.06875000 0.41770679
1.06937500 0.41776184
1.07000000 0.41781689
1.07062500 0.41787195
1.07125000 0.41792700
1.07187500 0.41798206
1.07250000 0.41803711
1.07312500 0.41809217
1.07375000 0.41814722
1.07437500 0.41820228
1.07500000 0.41825734
1.07562500 0.41831240
1.07625000 0.41836746
1.07687500 0.41842252
1.07750000 0.41847757
1.07812500 0.41853264
1.07875000 0.41858769
1.07937500 0.41864276
1.08000000 0.41869782
1.08062500 0.41875288
1.08125000 0.41880794
1.08187500 0.41886301
1.08250000 0.41891807
1.08312500 0.41897314
1.08375000 0.41902820
1.08437500 0.41908327
1.08500000 0.41913833
1.08562500 0.41919340
1.08625000 0.41924846
1.08687500 0.41930353
1.08750000 0.41935860
1.08812500 0.41941367
1.08875000 0.41946874
1.08937500 0.41952381
1.09000000 0.41957888
1.09062500 0.41963395
1.09125000 0.41968902
1.09187500 0.41974409
1.09250000 0.41979916
1.09312500 0.41985424
1.09375000 0.41990931
1.09437500 0.41996439
1.09500000 0.42001946
1.09562500 0.42007453
1.09625000 0.42012961
1.09687500 0.42018469
1.09750000 0.42023976
1.09812500 0.42029484
1.09875000 0.42034992
1.09937500 0.42040500
1.10000000 0.42046007
1.10062500 0.42051515
1.10125000 0.42057023
1.10187500 0.42062531
1.10250000 0.42068039
1.10312500 0.42073547
1.10375000 0.42079055
1.10437500 0.42084564
1.10500000 0.42090072
1.10562500 0.42095580
1.10625000 0.42101089
1.10687500 0.42106597
1.10750000 0.42112106
1.10812500 0.42117614
1.10875000 0.42123123
1.10937500 0.42128631
1.11000000 0.42134140
1.11062500 0.42139649
1.11125000 0.42145157
1.11187500 0.42150666
1.11250000 0.42156175
1.11312500 0.42161684
1.11375000 0.42167193
1.11437500 0.42172702
1.11500000 0.42178211
1.11562500 0.42183720
1.11625000 0.42189230
1.11687500 0.42194739
1.11750000 0.42200248
1.11812500 0.42205758
1.11875000 0.42211267
1.11937500 0.42216776
1.12000000 0.42222286
1.12062500 0.42227795
1.12125000 0.42233305
1.12187500 0.42238815
1.12250000 0.42244324
1.12312500 0.42249834
1.12375000 0.42255344
1.12437500 0.42260854
1.12500000 0.42266363
1.12562500 0.42271873
1.12625000 0.42277383
1.12687500 0.42282893
1.12750000 0.42288403
1.12812500 0.42293914
1.12875000 0.42299424
1.12937500 0.42304934
1.13000000 0.42310444
1.13062500 0.42315955
1.13125000 0.42321465
1.13187500 0.42326976
1.13250000 0.42332486
1.13312500 0.42337997
1.13375000 0.42343507
1.13437500 0.42349018
1.13500000 0.42354528
1.13562500 0.42360039
1.13625000 0.42365550
1.13687500 0.42371061
1.13750000 0.42376572
1.13812500 0.42382083
1.13875000 0.42387593
1.13937500 0.42393105
1.14000000 0.42398616
1.14062500 0.42404127
1.14125000 0.42409638
1.14187500 0.42415149
1.14250000 0.42420660
1.14312500 0.42426172
1.14375000 0.42431683
1.14437500 0.42437195
1.14500000 0.42442706
1.14562500 0.42448218
1.14625000 0.42453729
1.14687500 0.42459241
1.14750000 0.42464752
1.14812500 0.42470264
1.14875000 0.42475776
1.14937500 0.42481288
1.15000000 0.42486799
1.15062500 0.42492311
1.15125000 0.42497823
1.15187500 0.42503335
1.15250000 0.42508847
1.15312500 0.42514359
1.15375000 0.42519871
1.15437500 0.42525384
1.15500000 0.42530896
1.15562500 0.42536408
1.15625000 0.42541920
1.15687500 0.42547433
1.15750000 0.42552945
1.15812500 0.42558458
1.15875000 0.42563970
1.15937500 0.42569483
1.16000000 0.42574995
1.16062500 0.42580508
1.16125000 0.42586021
1.16187500 0.42591534
1.16250000 0.42597046
1.16312500 0.42602559
1.16375000 0.42608072
1.16437500 0.42613585
1.16500000 0.42619098
1.16562500 0.42624611
1.16625000 0.42630124
1.16687500 0.42635637
1.16750000 0.42641150
1.16812500 0.42646664
1.16875000 0.42652177
1.16937500 0.42657690
1.17000000 0.42663204
1.17062500 0.42668717
1.17125000 0.42674230
1.17187500 0.42679744
1.17250000 0.42685257
1.17312500 0.42690771
1.17375000 0.42696285
1.17437500 0.42701799
1.17500000 0.42707312
1.17562500 0.42712826
1.17625000 0.42718340
1.17687500 0.42723854
1.17750000 0.42729367
1.17812500 0.42734882
1.17875000 0.42740395
1.17937500 0.42745910
1.18000000 0.42751424
1.18062500 0.42756938
1.18125000 0.42762452
1.18187500 0.42767967
1.18250000 0.42773481
1.18312500 0.42778995
1.18375000 0.42784509
1.18437500 0.42790024
1.18500000 0.42795538
1.18562500 0.42801053
1.18625000 0.42806567
1.18687500 0.42812082
1.18750000 0.42817596
1.18812500 0.42823111
1.18875000 0.42828626
1.18937500 0.42834141
1.19000000 0.42839656
1.19062500 0.42845171
1.19125000 0.42850685
1.19187500 0.42856201
1.19250000 0.42861715
1.19312500 0.42867231
1.19375000 0.42872745
1.19437500 0.42878261
1.19500000 0.42883776
1.19562500 0.42889291
1.19625000 0.42894806
1.19687500 0.42900322
1.19750000 0.42905837
1.19812500 0.42911353
1.19875000 0.42916868
1.19937500 0.42922384
1.20000000 0.42927899
1.20062500 0.42933415
1.20125000 0.42938930
1.20187500 0.42944446
1.20250000 0.42949962
1.20312500 0.42955478
1.20375000 0.42960993
1.20437500 0.42966509
1.20500000 0.42972025
1.20562500 0.42977541
1.20625000 0.42983057
1.20687500 0.42988573
1.20750000 0.42994089
1.20812500 0.42999606
1.20875000 0.43005121
1.20937500 0.43010638
1.21000000 0.43016154
1.21062500 0.43021670
1.21125000 0.43027187
1.21187500 0.43032703
1.21250000 0.43038219
1.21312500 0.43043736
1.21375000 0.43049252
1.21437500 0.43054769
1.21500000 0.43060286
1.21562500 0.43065803
1.21625000 0.43071319
1.21687500 0.43076836
1.21750000 0.43082352
1.21812500 0.43087870
1.21875000 0.43093386
1.21937500 0.43098903
1.22000000 0.43104420
1.22062500 0.43109937
1.22125000 0.43115454
1.22187500 0.43120971
1.22250000 0.43126488
1.22312500 0.43132006
1.22375000 0.43137523
1.22437500 0.43143040
1.22500000 0.43148557
1.22562500 0.43154075
1.22625000 0.43159592
1.22687500 0.43165110
1.22750000 0.43170627
1.22812500 0.43176145
1.22875000 0.43181662
1.22937500 0.43187180
1.23000000 0.43192697
1.23062500 0.43198215
1.23125000 0.43203733
1.23187500 0.43209251
1.23250000 0.43214768
1.23312500 0.43220286
1.23375000 0.43225804
1.23437500 0.43231322
1.23500000 0.43236840
1.23562500 0.43242358
1.23625000 0.43247876
1.23687500 0.43253394
1.23750000 0.43258912
1.23812500 0.43264431
1.23875000 0.43269949
1.23937500 0.43275467
1.24000000 0.43280985
1.24062500 0.43286504
1.24125000 0.43292022
1.24187500 0.43297541
1.24250000 0.43303059
1.24312500 0.43308578
1.24375000 0.43314096
1.24437500 0.43319615
1.24500000 0.43325133
1.24562500 0.43330652
1.24625000 0.43336171
1.24687500 0.43341690
1.24750000 0.43347208
1.24812500 0.43352727
1.24875000 0.43358246
1.24937500 0.43363765
1.25000000 0.43369284
1.25062500 0.43374803
1.25125000 0.43380322
1.25187500 0.43385842
1.25250000 0.43391360
1.25312500 0.43396880
1.25375000 0.43402399
1.25437500 0.43407918
1.25500000 0.43413437
1.25562500 0.43418957
1.25625000 0.43424476
1.25687500 0.43429996
1.25750000 0.43435515
1.25812500 0.43441035
1.25875000 0.43446554
1.25937500 0.43452074
1.26000000 0.43457593
1.26062500 0.43463113
1.26125000 0.43468633
1.26187500 0.43474153
1.26250000 0.43479672
1.26312500 0.43485192
1.26375000 0.43490712
1.26437500 0.43496232
1.26500000 0.43501752
1.26562500 0.43507272
1.26625000 0.43512792
1.26687500 0.43518312
1.26750000 0.43523832
1.26812500 0.43529353
1.26875000 0.43534873
1.26937500 0.43540393
1.27000000 0.43545913
1.27062500 0.43551434
1.27125000 0.43556954
1.27187500 0.43562474
1.27250000 0.43567995
1.27312500 0.43573515
1.27375000 0.43579036
1.27437500 0.43584556
1.27500000 0.43590077
1.27562500 0.43595598
1.27625000 0.43601118
1.27687500 0.43606639
1.27750000 0.43612160
1.27812500 0.43617681
1.27875000 0.43623201
1.27937500 0.43628722
1.28000000 0.43634243
1.28062500 0.43639764
1.28125000 0.43645285
1.28187500 0.43650806
1.28250000 0.43656327
1.28312500 0.43661848
1.28375000 0.43667369
1.28437500 0.43672891
1.28500000 0.43678412
1.28562500 0.43683933
1.28625000 0.43689454
1.28687500 0.43694976
1.28750000 0.43700497
1.28812500 0.43706019
1.28875000 0.43711540
1.28937500 0.43717062
1.29000000 0.43722583
1.29062500 0.43728105
1.29125000 0.43733626
1.29187500 0.43739148
1.29250000 0.43744669
1.29312500 0.43750191
1.29375000 0.43755713
1.29437500 0.43761235
1.29500000 0.43766757
1.29562500 0.43772279
1.29625000 0.43777800
1.29687500 0.43783323
1.29750000 0.43788844
1.29812500 0.43794367
1.29875000 0.43799889
1.29937500 0.43805411
1.30000000 0.43810933
1.30062500 0.43816455
1.30125000 0.43821977
1.30187500 0.43827500
1.30250000 0.43833022
1.30312500 0.43838544
1.30375000 0.43844066
1.30437500 0.43849589
1.30500000 0.43855111
1.30562500 0.43860634
1.30625000 0.43866156
1.30687500 0.43871679
1.30750000 0.43877202
1.30812500 0.43882724
1.30875000 0.43888247
1.30937500 0.43893770
1.31000000 0.43899292
1.31062500 0.43904815
1.31125000 0.43910338
1.31187500 0.43915861
1.31250000 0.43921384
1.31312500 0.43926907
1.31375000 0.43932430
1.31437500 0.43937953
1.31500000 0.43943476
1.31562500 0.43948999
1.31625000 0.43954522
1.31687500 0.43960045
1.31750000 0.43965568
1.31812500 0.43971092
1.31875000 0.43976615
1.31937500 0.43982138
1.32000000 0.43987661
1.32062500 0.43993185
1.32125000 0.43998708
1.32187500 0.44004232
1.32250000 0.44009755
1.32312500 0.44015279
1.32375000 0.44020802
1.32437500 0.44026326
1.32500000 0.44031850
1.32562500 0.44037373
1.32625000 0.44042897
1.32687500 0.44048421
1.32750000 0.44053944
1.32812500 0.44059468
1.32875000 0.44064992
1.32937500 0.44070516
1.33000000 0.44076040
1.33062500 0.44081564
1.33125000 0.44087088
1.33187500 0.44092612
1.33250000 0.44098136
1.33312500 0.44103660
1.33375000 0.44109184
1.33437500 0.44114709
1.33500000 0.44120233
1.33562500 0.44125757
1.33625000 0.44131281
1.33687500 0.44136806
1.33750000 0.44142330
1.33812500 0.44147854
1.33875000 0.44153379
1.33937500 0.44158903
1.34000000 0.44164428
1.34062500 0.44169952
1.34125000 0.44175477
1.34187500 0.44181002
1.34250000 0.44186526
1.34312500 0.44192051
1.34375000 0.44197575
1.34437500 0.44203100
1.34500000 0.44208625
1.34562500 0.44214150
1.34625000 0.44219675
1.34687500 0.44225200
1.34750000 0.44230724
1.34812500 0.44236250
1.34875000 0.44241774
1.34937500 0.44247300
1.35000000 0.44252824
1.35062500 0.44258350
1.35125000 0.44263875
1.35187500 0.44269400
1.35250000 0.44274925
1.35312500 0.44280450
1.35375000 0.44285976
1.35437500 0.44291501
1.35500000 0.44297026
1.35562500 0.44302552
1.35625000 0.44308077
1.35687500 0.44313603
1.35750000 0.44319128
1.35812500 0.44324654
1.35875000 0.44330179
1.35937500 0.44335705
1.36000000 0.44341230
1.36062500 0.44346756
1.36125000 0.44352281
1.36187500 0.44357807
1.36250000 0.44363333
1.36312500 0.44368859
1.36375000 0.44374385
1.36437500 0.44379911
1.36500000 0.44385436
1.36562500 0.44390962
1.36625000 0.44396488
1.36687500 0.44402014
1.36750000 0.44407540
1.36812500 0.44413066
1.36875000 0.44418592
1.36937500 0.44424119
1.37000000 0.44429645
1.37062500 0.44435171
1.37125000 0.44440697
1.37187500 0.44446224
1.37250000 0.44451750
1.37312500 0.44457276
1.37375000 0.44462802
1.37437500 0.44468329
1.37500000 0.44473855
1.37562500 0.44479382
1.37625000 0.44484908
1.37687500 0.44490435
1.37750000 0.44495961
1.37812500 0.44501488
1.37875000 0.44507014
1.37937500 0.44512541
1.38000000 0.44518068
1.38062500 0.44523595
1.38125000 0.44529121
1.38187500 0.44534648
1.38250000 0.44540175
1.38312500 0.44545702
1.38375000 0.44551228
1.38437500 0.44556756
1.38500000 0.44562282
1.38562500 0.44567810
1.38625000 0.44573336
1.38687500 0.44578864
1.38750000 0.44584390
1.38812500 0.44589918
1.38875000 0.44595445
1.38937500 0.44600972
1.39000000 0.44606499
1.39062500 0.44612027
1.39125000 0.44617554
1.39187500 0.44623081
1.39250000 0.44628608
1.39312500 0.44634136
1.39375000 0.44639663
1.39437500 0.44645191
1.39500000 0.44650718
1.39562500 0.44656246
1.39625000 0.44661773
1.39687500 0.44667301
1.39750000 0.44672828
1.39812500 0.44678356
1.39875000 0.44683883
1.39937500 0.44689412
1.40000000 0.44694939
1.40062500 0.44700467
1.40125000 0.44705994
1.40187500 0.44711523
1.40250000 0.44717050
1.40312500 0.44722578
1.40375000 0.44728106
1.40437500 0.44733634
1.40500000 0.44739162
1.40562500 0.44744690
1.40625000 0.44750218
1.40687500 0.44755746
1.40750000 0.44761274
1.40812500 0.44766803
1.40875000 0.44772330
1.40937500 0.44777859
1.41000000 0.44783387
1.41062500 0.44788916
1.41125000 0.44794443
1.41187500 0.44799972
1.41250000 0.44805500
1.41312500 0.44811029
1.41375000 0.44816557
1.41437500 0.44822086
1.41500000 0.44827614
1.41562500 0.44833143
1.41625000 0.44838671
1.41687500 0.44844200
1.41750000 0.44849728
1.41812500 0.44855257
1.41875000 0.44860785
1.41937500 0.44866315
1.42000000 0.44871843
1.42062500 0.44877372
1.42125000 0.44882900
1.42187500 0.44888430
1.42250000 0.44893958
1.42312500 0.44899488
1.42375000 0.44905015
1.42437500 0.44910545
1.42500000 0.44916073
1.42562500 0.44921603
1.42625000 0.44927131
1.42687500 0.44932662
1.42750000 0.44938189
1.42812500 0.44943720
1.42875000 0.44949248
1.42937500 0.44954778
1.43000000 0.44960306
1.43062500 0.44965837
1.43125000 0.44971364
1.43187500 0.44976895
1.43250000 0.44982423
1.43312500 0.44987954
1.43375000 0.44993482
1.43437500 0.44999013
1.43500000 0.45004541
1.43562500 0.45010072
1.43625000 0.45015599
1.43687500 0.45021131
1.43750000 0.45026659
1.43812500 0.45032190
1.43875000 0.45037718
1.43937500 0.45043250
1.44000000 0.45048777
1.44062500 0.45054309
1.44125000 0.45059836
1.44187500 0.45065369
1.44250000 0.45070896
1.44312500 0.45076428
1.44375000 0.45081955
1.44437500 0.45087488
1.44500000 0.45093015
1.44562500 0.45098548
1.44625000 0.45104075
1.44687500 0.45109608
1.44750000 0.45115135
1.44812500 0.45120668
1.44875000 0.45126195
1.44937500 0.45131729
1.45000000 0.45137255
1.45062500 0.45142789
1.45125000 0.45148315
1.45187500 0.45153850
1.45250000 0.45159376
1.45312500 0.45164911
1.45375000 0.45170436
1.45437500 0.45175971
1.45500000 0.45181497
1.45562500 0.45187032
1.45625000 0.45192558
1.45687500 0.45198093
1.45750000 0.45203618
1.45812500 0.45209154
1.45875000 0.45214679
1.45937500 0.45220216
1.46000000 0.45225740
1.46062500 0.45231277
1.46125000 0.45236802
1.46187500 0.45242339
1.46250000 0.45247863
1.46312500 0.45253400
1.46375000 0.45258924
1.46437500 0.45264462
1.46500000 0.45269986
1.46562500 0.45275524
1.46625000 0.45281047
1.46687500 0.45286586
1.46750000 0.45292109
1.46812500 0.45297648
1.46875000 0.45303171
1.46937500 0.45308710
1.47000000 0.45314233
1.47062500 0.45319773
1.47125000 0.45325295
1.47187500 0.45330835
1.47250000 0.45336357
1.47312500 0.45341898
1.47375000 0.45347419
1.47437500 0.45352960
1.47500000 0.45358481
1.47562500 0.45364023
1.47625000 0.45369544
1.47687500 0.45375086
1.47750000 0.45380606
1.47812500 0.45386149
1.47875000 0.45391669
1.47937500 0.45397212
1.48000000 0.45402732
1.48062500 0.45408276
1.48125000 0.45413794
1.48187500 0.45419339
1.48250000 0.45424857
1.48312500 0.45430402
1.48375000 0.45435920
1.48437500 0.45441466
1.48500000 0.45446983
1.48562500 0.45452530
1.48625000 0.45458047
1.48687500 0.45463593
1.48750000 0.45469110
1.48812500 0.45474657
1.48875000 0.45480174
1.48937500 0.45485721
1.49000000 0.45491237
1.49062500 0.45496786
1.49125000 0.45502301
1.49187500 0.45507850
1.49250000 0.45513365
1.49312500 0.45518914
1.49375000 0.45524429
1.49437500 0.45529979
1.49500000 0.45535493
1.49562500 0.45541043
1.49625000 0.45546557
1.49687500 0.45552108
1.49750000 0.45557621
1.49812500 0.45563173
1.49875000 0.45568685
1.49937500 0.45574237
1.50000000 0.45579750
1.50062500 0.45585302
1.50125000 0.45590814
1.50187500 0.45596367
1.50250000 0.45601879
1.50312500 0.45607432
1.50375000 0.45612944
1.50437500 0.45618498
1.50500000 0.45624008
1.50562500 0.45629563
1.50625000 0.45635073
1.50687500 0.45640629
1.50750000 0.45646139
1.50812500 0.45651694
1.50875000 0.45657204
1.50937500 0.45662760
1.51000000 0.45668269
1.51062500 0.45673825
1.51125000 0.45679334
1.51187500 0.45684891
1.51250000 0.45690400
1.51312500 0.45695957
1.51375000 0.45701466
1.51437500 0.45707023
1.51500000 0.45712531
1.51562500 0.45718089
1.51625000 0.45723597
1.51687500 0.45729155
1.51750000 0.45734663
1.51812500 0.45740222
1.51875000 0.45745729
1.51937500 0.45751288
1.52000000 0.45756796
1.52062500 0.45762354
1.52125000 0.45767862
1.52187500 0.45773421
1.52250000 0.45778928
1.52312500 0.45784488
1.52375000 0.45789995
1.52437500 0.45795554
1.52500000 0.45801061
1.52562500 0.45806621
1.52625000 0.45812128
1.52687500 0.45817688
1.52750000 0.45823195
1.52812500 0.45828755
1.52875000 0.45834262
1.52937500 0.45839822
1.53000000 0.45845329
1.53062500 0.45850889
1.53125000 0.45856396
1.53187500 0.45861956
1.53250000 0.45867464
1.53312500 0.45873023
1.53375000 0.45878531
1.53437500 0.45884091
1.53500000 0.45889599
1.53562500 0.45895158
1.53625000 0.45900666
1.53687500 0.45906226
1.53750000 0.45911734
1.53812500 0.45917293
1.53875000 0.45922802
1.53937500 0.45928361
1.54000000 0.45933870
1.54062500 0.45939429
1.54125000 0.45944938
1.54187500 0.45950497
1.54250000 0.45956006
1.54312500 0.45961565
1.54375000 0.45967074
1.54437500 0.45972633
1.54500000 0.45978143
1.54562500 0.45983701
1.54625000 0.45989211
1.54687500 0.45994769
1.54750000 0.46000280
1.54812500 0.46005837
1.54875000 0.46011349
1.54937500 0.46016906
1.55000000 0.46022417
1.55062500 0.46027974
1.55125000 0.46033486
1.55187500 0.46039043
1.55250000 0.46044555
1.55312500 0.46050111
1.55375000 0.46055624
1.55437500 0.46061180
1.55500000 0.46066694
1.55562500 0.46072249
1.55625000 0.46077763
1.55687500 0.46083318
1.55750000 0.46088832
1.55812500 0.46094387
1.55875000 0.46099902
1.55937500 0.46105456
1.56000000 0.46110971
1.56062500 0.46116525
1.56125000 0.46122041
1.56187500 0.46127594
1.56250000 0.46133111
1.56312500 0.46138663
1.56375000 0.46144181
1.56437500 0.46149733
1.56500000 0.46155251
1.56562500 0.46160802
1.56625000 0.46166321
1.56687500 0.46171872
1.56750000 0.46177391
1.56812500 0.46182941
1.56875000 0.46188461
1.56937500 0.46194011
1.57000000 0.46199531
1.57062500 0.46205081
1.57125000 0.46210602
1.57187500 0.46216151
1.57250000 0.46221672
1.57312500 0.46227221
1.57375000 0.46232743
1.57437500 0.46238291
1.57500000 0.46243813
1.57562500 0.46249361
1.57625000 0.46254884
1.57687500 0.46260432
1.57750000 0.46265955
1.57812500 0.46271502
1.57875000 0.46277026
1.57937500 0.46282572
1.58000000 0.46288097
1.58062500 0.46293643
1.58125000 0.46299168
1.58187500 0.46304714
1.58250000 0.46310239
1.58312500 0.46315784
1.58375000 0.46321310
1.58437500 0.46326855
1.58500000 0.46332382
1.58562500 0.46337926
1.58625000 0.46343453
1.58687500 0.46348997
1.58750000 0.46354525
1.58812500 0.46360068
1.58875000 0.46365596
1.58937500 0.46371139
1.59000000 0.46376668
1.59062500 0.46382211
1.59125000 0.46387740
1.59187500 0.46393282
1.59250000 0.46398811
1.59312500 0.46404354
1.59375000 0.46409883
1.59437500 0.46415425
1.59500000 0.46420955
1.59562500 0.46426497
1.59625000 0.46432027
1.59687500 0.46437569
1.59750000 0.46443099
1.59812500 0.46448640
1.59875000 0.46454171
1.59937500 0.46459712
1.60000000 0.46465244
1.60062500 0.46470784
1.60125000 0.46476316
1.60187500 0.46481856
1.60250000 0.46487388
1.60312500 0.46492928
1.60375000 0.46498461
1.60437500 0.46504001
1.60500000 0.46509533
1.60562500 0.46515073
1.60625000 0.46520606
1.60687500 0.46526146
1.60750000 0.46531679
1.60812500 0.46537218
1.60875000 0.46542751
1.60937500 0.46548291
1.61000000 0.46553824
1.61062500 0.46559363
1.61125000 0.46564897
1.61187500 0.46570436
1.61250000 0.46575970
1.61312500 0.46581509
1.61375000 0.46587043
1.61437500 0.46592582
1.61500000 0.46598116
1.61562500 0.46603655
1.61625000 0.46609190
1.61687500 0.46614728
1.61750000 0.46620263
1.61812500 0.46625801
1.61875000 0.46631336
1.61937500 0.46636875
1.62000000 0.46642410
1.62062500 0.46647948
1.62125000 0.46653483
1.62187500 0.46659021
1.62250000 0.46664557
1.62312500 0.46670095
1.62375000 0.46675630
1.62437500 0.46681168
1.62500000 0.46686704
1.62562500 0.46692242
1.62625000 0.46697778
1.62687500 0.46703316
1.62750000 0.46708852
1.62812500 0.46714390
1.62875000 0.46719926
1.62937500 0.46725464
1.63000000 0.46731000
1.63062500 0.46736538
1.63125000 0.46742074
1.63187500 0.46747612
1.63250000 0.46753148
1.63312500 0.46758686
1.63375000 0.46764222
1.63437500 0.46769760
1.63500000 0.46775297
1.63562500 0.46780834
1.63625000 0.46786371
1.63687500 0.46791909
1.63750000 0.46797446
1.63812500 0.46802983
1.63875000 0.46808520
1.63937500 0.46814058
1.64000000 0.46819595
1.64062500 0.46825132
1.64125000 0.46830669
1.64187500 0.46836207
1.64250000 0.46841744
1.64312500 0.46847282
1.64375000 0.46852819
1.64437500 0.46858357
1.64500000 0.46863894
1.64562500 0.46869432
1.64625000 0.46874969
1.64687500 0.46880507
1.64750000 0.46886044
1.64812500 0.46891582
1.64875000 0.46897119
1.64937500 0.46902657
1.65000000 0.46908194
1.65062500 0.46913732
1.65125000 0.46919269
1.65187500 0.46924807
1.65250000 0.46930345
1.65312500 0.46935883
1.65375000 0.46941420
1.65437500 0.46946958
1.65500000 0.46952495
1.65562500 0.46958033
1.65625000 0.46963571
1.65687500 0.46969109
1.65750000 0.46974646
1.65812500 0.46980185
1.65875000 0.46985722
1.65937500 0.46991260
1.66000000 0.46996798
1.66062500 0.47002336
1.66125000 0.47007874
1.66187500 0.47013412
1.66250000 0.47018949
1.66312500 0.47024488
1.66375000 0.47030025
1.66437500 0.47035564
1.66500000 0.47041101
1.66562500 0.47046640
1.66625000 0.47052177
1.66687500 0.47057716
1.66750000 0.47063254
1.66812500 0.47068792
1.66875000 0.47074330
1.66937500 0.47079868
1.67000000 0.47085406
1.67062500 0.47090945
1.67125000 0.47096482
1.67187500 0.47102021
1.67250000 0.47107559
1.67312500 0.47113097
1.67375000 0.47118635
1.67437500 0.47124174
1.67500000 0.47129712
1.67562500 0.47135250
1.67625000 0.47140788
1.67687500 0.47146327
1.67750000 0.47151865
1.67812500 0.47157404
1.67875000 0.47162942
1.67937500 0.47168481
1.68000000 0.47174019
1.68062500 0.47179557
1.68125000 0.47185095
1.68187500 0.47190634
1.68250000 0.47196172
1.68312500 0.47201711
1.68375000 0.47207249
1.68437500 0.47212788
1.68500000 0.47218326
1.68562500 0.47223865
1.68625000 0.47229404
1.68687500 0.47234942
1.68750000 0.47240481
1.68812500 0.47246020
1.68875000 0.47251558
1.68937500 0.47257097
1.69000000 0.47262635
1.69062500 0.47268174
1.69125000 0.47273713
1.69187500 0.47279252
1.69250000 0.47284790
1.69312500 0.47290329
1.69375000 0.47295868
1.69437500 0.47301407
1.69500000 0.47306945
1.69562500 0.47312484
1.69625000 0.47318023
1.69687500 0.47323562
1.69750000 0.47329100
1.69812500 0.47334640
1.69875000 0.47340178
1.69937500 0.47345717
1.70000000 0.47351256
1.70062500 0.47356795
1.70125000 0.47362334
1.70187500 0.47367873
1.70250000 0.47373412
1.70312500 0.47378951
1.70375000 0.47384490
1.70437500 0.47390029
1.70500000 0.47395568
1.70562500 0.47401107
1.70625000 0.47406646
1.70687500 0.47412185
1.70750000 0.47417724
1.70812500 0.47423263
1.70875000 0.47428802
1.70937500 0.47434342
1.71000000 0.47439881
1.71062500 0.47445420
1.71125000 0.47450959
1.71187500 0.47456498
1.71250000 0.47462037
1.71312500 0.47467577
1.71375000 0.47473116
1.71437500 0.47478655
1.71500000 0.47484194
1.71562500 0.47489734
1.71625000 0.47495273
1.71687500 0.47500812
1.71750000 0.47506351
1.71812500 0.47511891
1.71875000 0.47517430
1.71937500 0.47522970
1.72000000 0.47528509
1.72062500 0.47534049
1.72125000 0.47539588
1.72187500 0.47545127
1.72250000 0.47550666
1.72312500 0.47556206
1.72375000 0.47561745
1.72437500 0.47567285
1.72500000 0.47572824
1.72562500 0.47578364
1.72625000 0.47583903
1.72687500 0.47589443
1.72750000 0.47594982
1.72812500 0.47600522
1.72875000 0.47606062
1.72937500 0.47611601
1.73000000 0.47617141
1.73062500 0.47622681
1.73125000 0.47628220
1.73187500 0.47633760
1.73250000 0.47639299
1.73312500 0.47644839
1.73375000 0.47650379
1.73437500 0.47655919
1.73500000 0.47661458
1.73562500 0.47666998
1.73625000 0.47672537
1.73687500 0.47678078
1.73750000 0.47683617
1.73812500 0.47689157
1.73875000 0.47694697
1.73937500 0.47700237
1.74000000 0.47705776
1.74062500 0.47711316
1.74125000 0.47716856
1.74187500 0.47722396
1.74250000 0.47727936
1.74312500 0.47733476
1.74375000 0.47739015
1.74437500 0.47744556
1.74500000 0.47750095
1.74562500 0.47755635
1.74625000 0.47761175
1.74687500 0.47766715
1.74750000 0.47772255
1.74812500 0.47777795
1.74875000 0.47783335
1.74937500 0.47788875
1.75000000 0.47794415
1.75062500 0.47799955
1.75125000 0.47805495
1.75187500 0.47811035
1.75250000 0.47816575
1.75312500 0.47822115
1.75375000 0.47827655
1.75437500 0.47833196
1.75500000 0.47838735
1.75562500 0.47844276
1.75625000 0.47849816
1.75687500 0.47855356
1.75750000 0.47860896
1.75812500 0.47866437
1.75875000 0.47871976
1.75937500 0.47877517
1.76000000 0.47883057
1.76062500 0.47888597
1.76125000 0.47894137
1.76187500 0.47899678
1.76250000 0.47905218
1.76312500 0.47910758
1.76375000 0.47916298
1.76437500 0.47921839
1.76500000 0.47927379
1.76562500 0.47932920
1.76625000 0.47938460
1.76687500 0.47944000
1.76750000 0.47949540
1.76812500 0.47955081
1.76875000 0.47960621
1.76937500 0.47966162
1.77000000 0.47971702
1.77062500 0.47977243
1.77125000 0.47982783
1.77187500 0.47988323
1.77250000 0.47993864
1.77312500 0.47999404
1.77375000 0.48004945
1.77437500 0.48010485
1.77500000 0.48016025
1.77562500 0.48021566
1.77625000 0.48027107
1.77687500 0.48032647
1.77750000 0.48038188
1.77812500 0.48043728
1.77875000 0.48049269
1.77937500 0.48054810
1.78000000 0.48060350
1.78062500 0.48065891
1.78125000 0.48071431
1.78187500 0.48076972
1.78250000 0.48082512
1.78312500 0.48088053
1.78375000 0.48093594
1.78437500 0.48099135
1.78500000 0.48104675
1.78562500 0.48110216
1.78625000 0.48115756
1.78687500 0.48121297
1.78750000 0.48126838
1.78812500 0.48132379
1.78875000 0.48137919
1.78937500 0.48143460
1.79000000 0.48149001
1.79062500 0.48154542
1.79125000 0.48160082
1.79187500 0.48165623
1.79250000 0.48171164
1.79312500 0.48176705
1.79375000 0.48182245
1.79437500 0.48187787
1.79500000 0.48193327
1.79562500 0.48198868
1.79625000 0.48204409
1.79687500 0.48209950
1.79750000 0.48215490
1.79812500 0.48221032
1.79875000 0.48226572
1.79937500 0.48232114
1.80000000 0.48237654
1.80062500 0.48243195
1.80125000 0.48248736
1.80187500 0.48254277
1.80250000 0.48259818
1.80312500 0.48265359
1.80375000 0.48270900
1.80437500 0.48276441
1.80500000 0.48281982
1.80562500 0.48287523
1.80625000 0.48293064
1.80687500 0.48298605
1.80750000 0.48304146
1.80812500 0.48309687
1.80875000 0.48315228
1.80937500 0.48320769
1.81000000 0.48326310
1.81062500 0.48331852
1.81125000 0.48337392
1.81187500 0.48342934
1.81250000 0.48348475
1.81312500 0.48354016
1.81375000 0.48359557
1.81437500 0.48365098
1.81500000 0.48370639
1.81562500 0.48376181
1.81625000 0.48381721
1.81687500 0.48387263
1.81750000 0.48392804
1.81812500 0.48398345
1.81875000 0.48403886
1.81937500 0.48409428
1.82000000 0.48414969
1.82062500 0.48420510
1.82125000 0.48426051
1.82187500 0.48431593
1.82250000 0.48437134
1.82312500 0.48442675
1.82375000 0.48448216
1.82437500 0.48453758
1.82500000 0.48459299
1.82562500 0.48464840
1.82625000 0.48470381
1.82687500 0.48475923
1.82750000 0.48481464
1.82812500 0.48487006
1.82875000 0.48492547
1.82937500 0.48498088
1.83000000 0.48503629
1.83062500 0.48509171
1.83125000 0.48514712
1.83187500 0.48520254
1.83250000 0.48525795
1.83312500 0.48531337
1.83375000 0.48536878
1.83437500 0.48542420
1.83500000 0.48547961
1.83562500 0.48553502
1.83625000 0.48559043
1.83687500 0.48564585
1.83750000 0.48570126
1.83812500 0.48575668
1.83875000 0.48581209
1.83937500 0.48586751
1.84000000 0.48592292
1.84062500 0.48597834
1.84125000 0.48603375
1.84187500 0.48608917
1.84250000 0.48614458
1.84312500 0.48620000
1.84375000 0.48625541
1.84437500 0.48631083
1.84500000 0.48636625
1.84562500 0.48642166
1.84625000 0.48647708
1.84687500 0.48653250
1.84750000 0.48658791
1.84812500 0.48664333
1.84875000 0.48669874
1.84937500 0.48675416
1.85000000 0.48680957
1.85062500 0.48686499
1.85125000 0.48692041
1.85187500 0.48697583
1.85250000 0.48703124
1.85312500 0.48708666
1.85375000 0.48714207
1.85437500 0.48719749
1.85500000 0.48725290
1.85562500 0.48730833
1.85625000 0.48736374
1.85687500 0.48741916
1.85750000 0.48747457
1.85812500 0.48752999
1.85875000 0.48758541
1.85937500 0.48764083
1.86000000 0.48769624
1.86062500 0.48775166
1.86125000 0.48780708
1.86187500 0.48786250
1.86250000 0.48791791
1.86312500 0.48797333
1.86375000 0.48802875
1.86437500 0.48808417
1.86500000 0.48813958
1.86562500 0.48819500
1.86625000 0.48825042
1.86687500 0.48830584
1.86750000 0.48836125
1.86812500 0.48841668
1.86875000 0.48847209
1.86937500 0.48852751
1.87000000 0.48858293
1.87062500 0.48863835
1.87125000 0.48869377
1.87187500 0.48874919
1.87250000 0.48880460
1.87312500 0.48886002
1.87375000 0.48891544
1.87437500 0.48897086
1.87500000 0.48902628
1.87562500 0.48908170
1.87625000 0.48913712
1.87687500 0.48919254
1.87750000 0.48924795
1.87812500 0.48930338
1.87875000 0.48935879
1.87937500 0.48941422
1.88000000 0.48946963
1.88062500 0.48952505
1.88125000 0.48958047
1.88187500 0.48963589
1.88250000 0.48969131
1.88312500 0.48974673
1.88375000 0.48980215
1.88437500 0.48985757
1.88500000 0.48991299
1.88562500 0.48996841
1.88625000 0.49002383
1.88687500 0.49007925
1.88750000 0.49013467
1.88812500 0.49019009
1.88875000 0.49024551
1.88937500 0.49030093
1.89000000 0.49035635
1.89062500 0.49041177
1.89125000 0.49046719
1.89187500 0.49052261
1.89250000 0.49057803
1.89312500 0.49063346
1.89375000 0.49068887
1.89437500 0.49074430
1.89500000 0.49079971
1.89562500 0.49085514
1.89625000 0.49091056
1.89687500 0.49096598
1.89750000 0.49102140
1.89812500 0.49107682
1.89875000 0.49113224
1.89937500 0.49118766
1.90000000 0.49124308
1.90062500 0.49129851
1.90125000 0.49135392
1.90187500 0.49140935
1.90250000 0.49146477
1.90312500 0.49152019
1.90375000 0.49157561
1.90437500 0.49163103
1.90500000 0.49168645
1.90562500 0.49174188
1.90625000 0.49179730
1.90687500 0.49185272
1.90750000 0.49190814
1.90812500 0.49196356
1.90875000 0.49201898
1.90937500 0.49207441
1.91000000 0.49212983
1.91062500 0.49218525
1.91125000 0.49224067
1.91187500 0.49229610
1.91250000 0.49235151
1.91312500 0.49240694
1.91375000 0.49246236
1.91437500 0.49251778
1.91500000 0.49257320
1.91562500 0.49262863
1.91625000 0.49268405
1.91687500 0.49273947
1.91750000 0.49279489
1.91812500 0.49285032
1.91875000 0.49290574
1.91937500 0.49296116
1.92000000 0.49301658
1.92062500 0.49307201
1.92125000 0.49312743
1.92187500 0.49318285
1.92250000 0.49323827
1.92312500 0.49329370
1.92375000 0.49334912
1.92437500 0.49340455
1.92500000 0.49345996
1.92562500 0.49351539
1.92625000 0.49357081
1.92687500 0.49362624
1.92750000 0.49368166
1.92812500 0.49373708
1.92875000 0.49379250
1.92937500 0.49384793
1.93000000 0.49390335
1.93062500 0.49395878
1.93125000 0.49401420
1.93187500 0.49406962
1.93250000 0.49412504
1.93312500 0.49418047
1.93375000 0.49423589
1.93437500 0.49429132
1.93500000 0.49434674
1.93562500 0.49440216
1.93625000 0.49445758
1.93687500 0.49451301
1.93750000 0.49456843
1.93812500 0.49462386
1.93875000 0.49467928
1.93937500 0.49473470
1.94000000 0.49479012
1.94062500 0.49484555
1.94125000 0.49490097
1.94187500 0.49495640
1.94250000 0.49501182
1.94312500 0.49506725
1.94375000 0.49512267
1.94437500 0.49517809
1.94500000 0.49523351
1.94562500 0.49528894
1.94625000 0.49534436
1.94687500 0.49539979
1.94750000 0.49545521
1.94812500 0.49551064
1.94875000 0.49556606
1.94937500 0.49562149
1.95000000 0.49567691
1.95062500 0.49573233
1.95125000 0.49578776
1.95187500 0.49584318
1.95250000 0.49589860
1.95312500 0.49595403
1.95375000 0.49600945
1.95437500 0.49606488
1.95500000 0.49612030
1.95562500 0.49617573
1.95625000 0.49623115
1.95687500 0.49628658
1.95750000 0.49634200
1.95812500 0.49639743
1.95875000 0.49645285
1.95937500 0.49650827
1.96000000 0.49656370
1.96062500 0.49661912
1.96125000 0.49667454
1.96187500 0.49672997
1.96250000 0.49678539
1.96312500 0.49684082
1.96375000 0.49689624
1.96437500 0.49695167
1.96500000 0.49700709
1.96562500 0.49706252
1.96625000 0.49711794
1.96687500 0.49717337
1.96750000 0.49722879
1.96812500 0.49728422
1.96875000 0.49733964
1.96937500 0.49739507
1.97000000 0.49745049
1.97062500 0.49750592
1.97125000 0.49756134
1.97187500 0.49761677
1.97250000 0.49767219
1.97312500 0.49772762
1.97375000 0.49778304
1.97437500 0.49783847
1.97500000 0.49789389
1.97562500 0.49794932
1.97625000 0.49800474
1.97687500 0.49806017
1.97750000 0.49811559
1.97812500 0.49817102
1.97875000 0.49822644
1.97937500 0.49828187
1.98000000 0.49833729
1.98062500 0.49839272
1.98125000 0.49844814
1.98187500 0.49850357
1.98250000 0.49855899
1.98312500 0.49861442
1.98375000 0.49866984
1.98437500 0.49872527
1.98500000 0.49878069
1.98562500 0.49883612
1.98625000 0.49889154
1.98687500 0.49894697
1.98750000 0.49900239
1.98812500 0.49905782
1.98875000 0.49911324
1.98937500 0.49916867
1.99000000 0.49922409
1.99062500 0.49927952
1.99125000 0.49933494
1.99187500 0.49939037
1.99250000 0.49944579
1.99312500 0.49950122
1.99375000 0.49955664
1.99437500 0.49961207
1.99500000 0.49966749
1.99562500 0.49972292
1.99625000 0.49977834
1.99687500 0.49983377
1.99750000 0.49988919
1.99812500 0.49994461
1.99875000 0.50000001
1.99937500 0.50005508
