28.5388869999999990
28.3282759999999989
28.3816330000000008
28.7215789999999984
28.3864500000000000
28.4160259999999987
28.4039700000000011
28.4664460000000012
28.2287999999999997
28.3662850000000013
28.2468550000000000
28.2203310000000016
28.2281510000000004
28.3956270000000011
28.3387129999999985
28.5229770000000009
28.4753200000000000
28.4214799999999990
28.3152289999999986
28.4439610000000016
28.2595700000000001
28.4305330000000005
28.5782759999999989
28.5126090000000012
28.4281189999999988
28.3920659999999998
28.3946469999999991
28.3116650000000014
28.4098229999999994
28.4135549999999988
