0.0000000000000000 0.5000000000000000
0.0012500000000000 0.4990182548190485
0.0025000000000000 0.4980365247778222
0.0037500000000000 0.4970548250158127
0.0050000000000000 0.4960731706720448
0.0062500000000000 0.4950915768848429
0.0075000000000000 0.4941100587915975
0.0087500000000000 0.4931286315285316
0.0100000000000000 0.4921473102304679
0.0112500000000000 0.4911661100305947
0.0125000000000000 0.4901850460602328
0.0137500000000000 0.4892041334486024
0.0150000000000000 0.4882233873225894
0.0162500000000000 0.4872428228065121
0.0175000000000000 0.4862624550218886
0.0187500000000000 0.4852822990872027
0.0200000000000000 0.4843023701176716
0.0212500000000000 0.4833226832250123
0.0225000000000000 0.4823432535172083
0.0237500000000000 0.4813640960982776
0.0250000000000000 0.4803852260680387
0.0262500000000000 0.4794066585218786
0.0275000000000000 0.4784284085505192
0.0287500000000000 0.4774504912397852
0.0300000000000000 0.4764729216703714
0.0312500000000000 0.4754957149176098
0.0325000000000000 0.4745188860512375
0.0337500000000000 0.4735424501351638
0.0350000000000000 0.4725664222272387
0.0362500000000000 0.4715908173790197
0.0375000000000000 0.4706156506355406
0.0387500000000000 0.4696409370350788
0.0400000000000000 0.4686666916089239
0.0412500000000000 0.4676929293811456
0.0425000000000000 0.4667196653683619
0.0437500000000000 0.4657469145795080
0.0450000000000000 0.4647746920156043
0.0462500000000000 0.4638030126695256
0.0475000000000000 0.4628318915257693
0.0487500000000000 0.4618613435602247
0.0500000000000000 0.4608913837399423
0.0512500000000000 0.4599220270229022
0.0525000000000000 0.4589532883577843
0.0537500000000000 0.4579851826837371
0.0550000000000000 0.4570177249301476
0.0562500000000000 0.4560509300164114
0.0575000000000000 0.4550848128517019
0.0587500000000000 0.4541193883347409
0.0600000000000000 0.4531546713535688
0.0612500000000000 0.4521906767853149
0.0625000000000000 0.4512274194959680
0.0637500000000000 0.4502649143401469
0.0650000000000000 0.4493031761608719
0.0662500000000000 0.4483422197893355
0.0675000000000000 0.4473820600446736
0.0687500000000000 0.4464227117337373
0.0700000000000000 0.4454641896508644
0.0712500000000000 0.4445065085776510
0.0725000000000000 0.4435496832827241
0.0737500000000000 0.4425937285215133
0.0750000000000000 0.4416386590360237
0.0762500000000000 0.4406844895546081
0.0775000000000000 0.4397312347917404
0.0787500000000000 0.4387789094477881
0.0800000000000000 0.4378275282087863
0.0812500000000000 0.4368771057462105
0.0825000000000000 0.4359276567167508
0.0837500000000000 0.4349791957620859
0.0850000000000000 0.4340317375086568
0.0862500000000000 0.4330852965674419
0.0875000000000000 0.4321398875337314
0.0887500000000000 0.4311955249869021
0.0900000000000000 0.4302522234901927
0.0912500000000000 0.4293099975904792
0.0925000000000000 0.4283688618180505
0.0937500000000000 0.4274288306863844
0.0950000000000000 0.4264899186919240
0.0962500000000000 0.4255521403138537
0.0975000000000000 0.4246155100138761
0.0987500000000000 0.4236800422359891
0.1000000000000000 0.4227457514062631
0.1012500000000000 0.4218126519326185
0.1025000000000000 0.4208807582046035
0.1037500000000000 0.4199500845931721
0.1050000000000000 0.4190206454504626
0.1062500000000000 0.4180924551095766
0.1075000000000000 0.4171655278843572
0.1087500000000000 0.4162398780691690
0.1100000000000000 0.4153155199386772
0.1112500000000000 0.4143924677476275
0.1125000000000000 0.4134707357306268
0.1137500000000000 0.4125503381019228
0.1150000000000000 0.4116312890551857
0.1162500000000000 0.4107136027632887
0.1175000000000000 0.4097972933780896
0.1187500000000000 0.4088823750302126
0.1200000000000000 0.4079688618288305
0.1212500000000000 0.4070567678614470
0.1225000000000000 0.4061461071936793
0.1237500000000000 0.4052368938690414
0.1250000000000000 0.4043291419087275
0.1262500000000000 0.4034228653113960
0.1275000000000000 0.4025180780529529
0.1287500000000000 0.4016147940863372
0.1300000000000000 0.4007130273413049
0.1312500000000000 0.3998127917242147
0.1325000000000000 0.3989141011178138
0.1337500000000000 0.3980169693810227
0.1350000000000000 0.3971214103487228
0.1362500000000000 0.3962274378315422
0.1375000000000000 0.3953350656156430
0.1387500000000000 0.3944443074625086
0.1400000000000000 0.3935551771087318
0.1412500000000000 0.3926676882658025
0.1425000000000000 0.3917818546198965
0.1437500000000000 0.3908976898316645
0.1450000000000000 0.3900152075360213
0.1462500000000000 0.3891344213419354
0.1475000000000000 0.3882553448322197
0.1487500000000000 0.3873779915633214
0.1500000000000000 0.3865023750651133
0.1512500000000000 0.3856285088406849
0.1525000000000000 0.3847564063661344
0.1537500000000000 0.3838860810903609
0.1550000000000000 0.3830175464348566
0.1562500000000000 0.3821508157935006
0.1575000000000000 0.3812859025323514
0.1587500000000000 0.3804228199894414
0.1600000000000000 0.3795615814745712
0.1612500000000000 0.3787022002691041
0.1625000000000000 0.3778446896257613
0.1637500000000000 0.3769890627684178
0.1650000000000000 0.3761353328918981
0.1662500000000000 0.3752835131617732
0.1675000000000000 0.3744336167141569
0.1687500000000000 0.3735856566555039
0.1700000000000000 0.3727396460624072
0.1712500000000000 0.3718955979813967
0.1725000000000000 0.3710535254287382
0.1737500000000000 0.3702134413902318
0.1750000000000000 0.3693753588210128
0.1762500000000000 0.3685392906453511
0.1775000000000000 0.3677052497564524
0.1787500000000000 0.3668732490162587
0.1800000000000000 0.3660433012552509
0.1812500000000000 0.3652154192722500
0.1825000000000000 0.3643896158342204
0.1837500000000000 0.3635659036760726
0.1850000000000000 0.3627442955004671
0.1862500000000000 0.3619248039776184
0.1875000000000000 0.3611074417450995
0.1887500000000000 0.3602922214076471
0.1900000000000000 0.3594791555369674
0.1912500000000000 0.3586682566715418
0.1925000000000000 0.3578595373164341
0.1937500000000000 0.3570530099430970
0.1950000000000000 0.3562486869891803
0.1962500000000000 0.3554465808583392
0.1975000000000000 0.3546467039200424
0.1987500000000000 0.3538490685093816
0.2000000000000000 0.3530536869268817
0.2012500000000000 0.3522605714383106
0.2025000000000000 0.3514697342744904
0.2037500000000000 0.3506811876311082
0.2050000000000000 0.3498949436685290
0.2062500000000000 0.3491110145116071
0.2075000000000000 0.3483294122495001
0.2087500000000000 0.3475501489354815
0.2100000000000000 0.3467732365867559
0.2112500000000000 0.3459986871842725
0.2125000000000000 0.3452265126725415
0.2137500000000000 0.3444567249594490
0.2150000000000000 0.3436893359160738
0.2162500000000000 0.3429243573765041
0.2175000000000000 0.3421618011376556
0.2187500000000000 0.3414016789590886
0.2200000000000000 0.3406440025628276
0.2212500000000000 0.3398887836331798
0.2225000000000000 0.3391360338165553
0.2237500000000000 0.3383857647212876
0.2250000000000000 0.3376379879174541
0.2262500000000000 0.3368927149366983
0.2275000000000000 0.3361499572720515
0.2287500000000000 0.3354097263777557
0.2300000000000000 0.3346720336690870
0.2312500000000000 0.3339368905221796
0.2325000000000000 0.3332043082738501
0.2337500000000000 0.3324742982214230
0.2350000000000000 0.3317468716225567
0.2362500000000000 0.3310220396950688
0.2375000000000000 0.3302998136167646
0.2387500000000000 0.3295802045252634
0.2400000000000000 0.3288632235178278
0.2412500000000000 0.3281488816511918
0.2425000000000000 0.3274371899413907
0.2437500000000000 0.3267281593635910
0.2450000000000000 0.3260218008519215
0.2462500000000000 0.3253181252993039
0.2475000000000000 0.3246171435572861
0.2487500000000000 0.3239188664358734
0.2500000000000000 0.3232233047033631
0.2512500000000000 0.3225304690861774
0.2525000000000000 0.3218403702686987
0.2537500000000000 0.3211530188931043
0.2550000000000000 0.3204684255592028
0.2562500000000000 0.3197866008242704
0.2575000000000000 0.3191075552028877
0.2587500000000000 0.3184312991667784
0.2600000000000000 0.3177578431446471
0.2612500000000000 0.3170871975220189
0.2625000000000000 0.3164193726410786
0.2637500000000000 0.3157543788005123
0.2650000000000000 0.3150922262553476
0.2662500000000000 0.3144329252167958
0.2675000000000000 0.3137764858520945
0.2687500000000000 0.3131229182843508
0.2700000000000000 0.3124722325923851
0.2712500000000000 0.3118244388105758
0.2725000000000000 0.3111795469287041
0.2737500000000000 0.3105375668918008
0.2750000000000000 0.3098985085999922
0.2762500000000000 0.3092623819083478
0.2775000000000000 0.3086291966267279
0.2787500000000000 0.3079989625196331
0.2800000000000000 0.3073716893060527
0.2812500000000000 0.3067473866593158
0.2825000000000000 0.3061260642069414
0.2837500000000000 0.3055077315304904
0.2850000000000000 0.3048923981654176
0.2862500000000000 0.3042800736009246
0.2875000000000000 0.3036707672798138
0.2887500000000000 0.3030644885983423
0.2900000000000000 0.3024612469060775
0.2912500000000000 0.3018610515057523
0.2925000000000000 0.3012639116531225
0.2937500000000000 0.3006698365568232
0.2950000000000000 0.3000788353782274
0.2962500000000000 0.2994909172313042
0.2975000000000000 0.2989060911824789
0.2987500000000000 0.2983243662504925
0.3000000000000000 0.2977457514062631
0.3012500000000000 0.2971702555727475
0.3025000000000000 0.2965978876248033
0.3037500000000000 0.2960286563890522
0.3050000000000000 0.2954625706437441
0.3062500000000000 0.2948996391186216
0.3075000000000000 0.2943398704947850
0.3087500000000000 0.2937832734045591
0.3100000000000000 0.2932298564313596
0.3112500000000000 0.2926796281095606
0.3125000000000000 0.2921325969243637
0.3137500000000000 0.2915887713116664
0.3150000000000000 0.2910481596579325
0.3162500000000000 0.2905107703000622
0.3175000000000000 0.2899766115252645
0.3187500000000000 0.2894456915709284
0.3200000000000000 0.2889180186244962
0.3212500000000000 0.2883936008233378
0.3225000000000000 0.2878724462546240
0.3237500000000000 0.2873545629552035
0.3250000000000000 0.2868399589114770
0.3262500000000000 0.2863286420592756
0.3275000000000000 0.2858206202837376
0.3287500000000000 0.2853159014191874
0.3300000000000000 0.2848144932490141
0.3312500000000000 0.2843164035055521
0.3325000000000000 0.2838216398699612
0.3337500000000000 0.2833302099721089
0.3350000000000000 0.2828421213904522
0.3362500000000000 0.2823573816519206
0.3375000000000000 0.2818759982318008
0.3387500000000000 0.2813979785536203
0.3400000000000000 0.2809233299890341
0.3412500000000000 0.2804520598577102
0.3425000000000000 0.2799841754272170
0.3437500000000000 0.2795196839129113
0.3450000000000000 0.2790585924778266
0.3462500000000000 0.2786009082325636
0.3475000000000000 0.2781466382351792
0.3487500000000000 0.2776957894910789
0.3500000000000000 0.2772483689529081
0.3512500000000000 0.2768043835204448
0.3525000000000000 0.2763638400404937
0.3537500000000000 0.2759267453067804
0.3550000000000000 0.2754931060598461
0.3562500000000000 0.2750629289869446
0.3575000000000000 0.2746362207219386
0.3587500000000000 0.2742129878451972
0.3600000000000000 0.2737932368834951
0.3612500000000000 0.2733769743099113
0.3625000000000000 0.2729642065437297
0.3637500000000000 0.2725549399503397
0.3650000000000000 0.2721491808411387
0.3662500000000000 0.2717469354734339
0.3675000000000000 0.2713482100503466
0.3687500000000000 0.2709530107207160
0.3700000000000000 0.2705613435790047
0.3712500000000000 0.2701732146652045
0.3725000000000000 0.2697886299647434
0.3737500000000000 0.2694075954083933
0.3750000000000000 0.2690301168721783
0.3762500000000000 0.2686562001772845
0.3775000000000000 0.2682858510899698
0.3787500000000000 0.2679190753214753
0.3800000000000000 0.2675558785279372
0.3812500000000000 0.2671962663102991
0.3825000000000000 0.2668402442142265
0.3837500000000000 0.2664878177300204
0.3850000000000000 0.2661389922925331
0.3862500000000000 0.2657937732810847
0.3875000000000000 0.2654521660193789
0.3887500000000000 0.2651141757754227
0.3900000000000000 0.2647798077614436
0.3912500000000000 0.2644490671338101
0.3925000000000000 0.2641219589929516
0.3937500000000000 0.2637984883832805
0.3950000000000000 0.2634786602931137
0.3962500000000000 0.2631624796545959
0.3975000000000000 0.2628499513436239
0.3987500000000000 0.2625410801797706
0.4000000000000000 0.2622358709262116
0.4012500000000000 0.2619343282896511
0.4025000000000000 0.2616364569202497
0.4037500000000000 0.2613422614115523
0.4050000000000000 0.2610517463004175
0.4062500000000000 0.2607649160669477
0.4075000000000000 0.2604817751344202
0.4087500000000000 0.2602023278692182
0.4100000000000000 0.2599265785807642
0.4112500000000000 0.2596545315214535
0.4125000000000000 0.2593861908865882
0.4137500000000000 0.2591215608143128
0.4150000000000000 0.2588606453855505
0.4162500000000000 0.2586034486239399
0.4175000000000000 0.2583499744957732
0.4187500000000000 0.2581002269099351
0.4200000000000000 0.2578542097178422
0.4212500000000000 0.2576119267133841
0.4225000000000000 0.2573733816328644
0.4237500000000000 0.2571385781549432
0.4250000000000000 0.2569075199005809
0.4262500000000000 0.2566802104329813
0.4275000000000000 0.2564566532575376
0.4287500000000000 0.2562368518217782
0.4300000000000000 0.2560208095153131
0.4312500000000000 0.2558085296697818
0.4325000000000000 0.2556000155588023
0.4337500000000000 0.2553952703979200
0.4350000000000000 0.2551942973445586
0.4362500000000000 0.2549970994979711
0.4375000000000000 0.2548036798991924
0.4387500000000000 0.2546140415309919
0.4400000000000000 0.2544281873178278
0.4412500000000000 0.2542461201258021
0.4425000000000000 0.2540678427626161
0.4437500000000000 0.2538933579775271
0.4450000000000000 0.2537226684613065
0.4462500000000000 0.2535557768461978
0.4475000000000000 0.2533926857058761
0.4487500000000000 0.2532333975554086
0.4500000000000000 0.2530779148512156
0.4512500000000000 0.2529262399910327
0.4525000000000000 0.2527783753138739
0.4537500000000000 0.2526343230999954
0.4550000000000000 0.2524940855708606
0.4562500000000000 0.2523576648891057
0.4575000000000000 0.2522250631585063
0.4587500000000000 0.2520962824239452
0.4600000000000000 0.2519713246713805
0.4612500000000000 0.2518501918278155
0.4625000000000000 0.2517328857612684
0.4637500000000000 0.2516194082807439
0.4650000000000000 0.2515097611362050
0.4662500000000000 0.2514039460185465
0.4675000000000000 0.2513019645595684
0.4687500000000000 0.2512038183319508
0.4700000000000000 0.2511095088492300
0.4712500000000000 0.2510190375657749
0.4725000000000000 0.2509324058767647
0.4737500000000000 0.2508496151181671
0.4750000000000000 0.2507706665667180
0.4762500000000000 0.2506955614399018
0.4775000000000000 0.2506243008959325
0.4787500000000000 0.2505568860337357
0.4800000000000000 0.2504933178929321
0.4812500000000000 0.2504335974538210
0.4825000000000000 0.2503777256373655
0.4837500000000000 0.2503257033051781
0.4850000000000000 0.2502775312595075
0.4862500000000000 0.2502332102432263
0.4875000000000000 0.2501927409398192
0.4887500000000000 0.2501561239733733
0.4900000000000000 0.2501233599085671
0.4912500000000000 0.2500944492506633
0.4925000000000000 0.2500693924454999
0.4937500000000000 0.2500481898794838
0.4950000000000000 0.2500308418795849
0.4962500000000000 0.2500173487133307
0.4975000000000000 0.2500077105888026
0.4987500000000000 0.2500019276546324
0.5000000000000000 0.2500000000000000
0.5012500000000000 0.2500019276546324
0.5025000000000001 0.2500077105888026
0.5037500000000000 0.2500173487133307
0.5050000000000000 0.2500308418795849
0.5062500000000000 0.2500481898794838
0.5075000000000001 0.2500693924454999
0.5087500000000000 0.2500944492506633
0.5100000000000000 0.2501233599085671
0.5112500000000000 0.2501561239733733
0.5125000000000000 0.2501927409398192
0.5137500000000000 0.2502332102432263
0.5150000000000000 0.2502775312595075
0.5162500000000000 0.2503257033051781
0.5175000000000000 0.2503777256373655
0.5187500000000000 0.2504335974538210
0.5200000000000000 0.2504933178929321
0.5212500000000000 0.2505568860337357
0.5225000000000000 0.2506243008959325
0.5237500000000000 0.2506955614399018
0.5250000000000000 0.2507706665667180
0.5262500000000000 0.2508496151181671
0.5275000000000000 0.2509324058767647
0.5287500000000001 0.2510190375657749
0.5300000000000000 0.2511095088492300
0.5312500000000000 0.2512038183319508
0.5325000000000000 0.2513019645595684
0.5337500000000001 0.2514039460185465
0.5350000000000000 0.2515097611362050
0.5362500000000000 0.2516194082807439
0.5375000000000000 0.2517328857612684
0.5387500000000001 0.2518501918278155
0.5400000000000000 0.2519713246713806
0.5412500000000000 0.2520962824239452
0.5425000000000000 0.2522250631585063
0.5437500000000001 0.2523576648891057
0.5450000000000000 0.2524940855708606
0.5462500000000000 0.2526343230999954
0.5475000000000000 0.2527783753138738
0.5487500000000000 0.2529262399910326
0.5500000000000000 0.2530779148512156
0.5512500000000000 0.2532333975554086
0.5525000000000000 0.2533926857058761
0.5537500000000000 0.2535557768461978
0.5550000000000000 0.2537226684613065
0.5562500000000000 0.2538933579775271
0.5575000000000000 0.2540678427626161
0.5587500000000000 0.2542461201258021
0.5600000000000001 0.2544281873178278
0.5612500000000000 0.2546140415309919
0.5625000000000000 0.2548036798991924
0.5637500000000000 0.2549970994979711
0.5650000000000001 0.2551942973445586
0.5662500000000000 0.2553952703979200
0.5675000000000000 0.2556000155588023
0.5687500000000000 0.2558085296697818
0.5700000000000001 0.2560208095153131
0.5712500000000000 0.2562368518217782
0.5725000000000000 0.2564566532575376
0.5737500000000000 0.2566802104329813
0.5750000000000001 0.2569075199005809
0.5762500000000000 0.2571385781549432
0.5775000000000000 0.2573733816328644
0.5787500000000000 0.2576119267133841
0.5800000000000000 0.2578542097178422
0.5812500000000000 0.2581002269099351
0.5825000000000000 0.2583499744957732
0.5837500000000000 0.2586034486239399
0.5850000000000000 0.2588606453855504
0.5862500000000000 0.2591215608143128
0.5875000000000000 0.2593861908865882
0.5887500000000000 0.2596545315214535
0.5900000000000000 0.2599265785807642
0.5912500000000001 0.2602023278692182
0.5925000000000000 0.2604817751344202
0.5937500000000000 0.2607649160669477
0.5950000000000000 0.2610517463004174
0.5962500000000001 0.2613422614115523
0.5975000000000000 0.2616364569202497
0.5987500000000000 0.2619343282896511
0.6000000000000000 0.2622358709262116
0.6012500000000001 0.2625410801797706
0.6025000000000000 0.2628499513436239
0.6037500000000000 0.2631624796545959
0.6050000000000000 0.2634786602931136
0.6062500000000001 0.2637984883832805
0.6075000000000000 0.2641219589929516
0.6087500000000000 0.2644490671338101
0.6100000000000000 0.2647798077614436
0.6112500000000000 0.2651141757754227
0.6125000000000000 0.2654521660193790
0.6137500000000000 0.2657937732810846
0.6150000000000000 0.2661389922925331
0.6162500000000000 0.2664878177300204
0.6175000000000000 0.2668402442142265
0.6187500000000000 0.2671962663102991
0.6200000000000000 0.2675558785279372
0.6212500000000000 0.2679190753214753
0.6225000000000001 0.2682858510899698
0.6237500000000000 0.2686562001772845
0.6250000000000000 0.2690301168721783
0.6262500000000000 0.2694075954083933
0.6275000000000001 0.2697886299647435
0.6287500000000000 0.2701732146652045
0.6300000000000000 0.2705613435790047
0.6312500000000000 0.2709530107207160
0.6325000000000001 0.2713482100503466
0.6337500000000000 0.2717469354734339
0.6350000000000000 0.2721491808411387
0.6362500000000000 0.2725549399503397
0.6375000000000001 0.2729642065437297
0.6387500000000000 0.2733769743099113
0.6400000000000000 0.2737932368834951
0.6412500000000000 0.2742129878451972
0.6425000000000000 0.2746362207219385
0.6437500000000000 0.2750629289869446
0.6450000000000000 0.2754931060598461
0.6462500000000000 0.2759267453067803
0.6475000000000000 0.2763638400404937
0.6487500000000000 0.2768043835204448
0.6500000000000000 0.2772483689529081
0.6512500000000000 0.2776957894910789
0.6525000000000000 0.2781466382351792
0.6537500000000001 0.2786009082325636
0.6550000000000000 0.2790585924778266
0.6562500000000000 0.2795196839129113
0.6575000000000000 0.2799841754272170
0.6587500000000001 0.2804520598577102
0.6600000000000000 0.2809233299890341
0.6612500000000000 0.2813979785536203
0.6625000000000000 0.2818759982318007
0.6637500000000001 0.2823573816519206
0.6650000000000000 0.2828421213904522
0.6662500000000000 0.2833302099721089
0.6675000000000000 0.2838216398699612
0.6687500000000001 0.2843164035055521
0.6700000000000000 0.2848144932490141
0.6712500000000000 0.2853159014191873
0.6725000000000000 0.2858206202837376
0.6737500000000000 0.2863286420592755
0.6750000000000000 0.2868399589114770
0.6762500000000000 0.2873545629552035
0.6775000000000000 0.2878724462546240
0.6787500000000000 0.2883936008233376
0.6800000000000000 0.2889180186244963
0.6812500000000000 0.2894456915709284
0.6825000000000000 0.2899766115252645
0.6837500000000000 0.2905107703000622
0.6850000000000001 0.2910481596579325
0.6862500000000000 0.2915887713116664
0.6875000000000000 0.2921325969243637
0.6887500000000000 0.2926796281095606
0.6900000000000001 0.2932298564313596
0.6912500000000000 0.2937832734045591
0.6925000000000000 0.2943398704947850
0.6937500000000000 0.2948996391186216
0.6950000000000001 0.2954625706437441
0.6962500000000000 0.2960286563890522
0.6975000000000000 0.2965978876248032
0.6987500000000000 0.2971702555727475
0.7000000000000001 0.2977457514062631
0.7012500000000000 0.2983243662504925
0.7025000000000000 0.2989060911824789
0.7037500000000000 0.2994909172313042
0.7050000000000000 0.3000788353782273
0.7062500000000000 0.3006698365568232
0.7075000000000000 0.3012639116531225
0.7087500000000000 0.3018610515057523
0.7100000000000000 0.3024612469060773
0.7112500000000000 0.3030644885983422
0.7125000000000000 0.3036707672798138
0.7137500000000000 0.3042800736009246
0.7150000000000000 0.3048923981654175
0.7162500000000001 0.3055077315304904
0.7175000000000000 0.3061260642069414
0.7187500000000000 0.3067473866593157
0.7200000000000000 0.3073716893060527
0.7212500000000001 0.3079989625196331
0.7225000000000000 0.3086291966267279
0.7237500000000000 0.3092623819083478
0.7250000000000000 0.3098985085999922
0.7262500000000001 0.3105375668918008
0.7275000000000000 0.3111795469287041
0.7287500000000000 0.3118244388105758
0.7300000000000000 0.3124722325923851
0.7312500000000001 0.3131229182843508
0.7325000000000000 0.3137764858520945
0.7337500000000000 0.3144329252167958
0.7350000000000000 0.3150922262553475
0.7362500000000000 0.3157543788005123
0.7375000000000000 0.3164193726410787
0.7387500000000000 0.3170871975220188
0.7400000000000000 0.3177578431446472
0.7412500000000000 0.3184312991667784
0.7425000000000000 0.3191075552028877
0.7437500000000000 0.3197866008242702
0.7450000000000000 0.3204684255592028
0.7462500000000000 0.3211530188931042
0.7475000000000001 0.3218403702686986
0.7487500000000000 0.3225304690861774
0.7500000000000000 0.3232233047033631
0.7512500000000000 0.3239188664358734
0.7525000000000001 0.3246171435572861
0.7537500000000000 0.3253181252993039
0.7550000000000000 0.3260218008519214
0.7562500000000000 0.3267281593635910
0.7575000000000001 0.3274371899413908
0.7587500000000000 0.3281488816511918
0.7600000000000000 0.3288632235178278
0.7612500000000000 0.3295802045252634
0.7625000000000001 0.3302998136167646
0.7637500000000000 0.3310220396950688
0.7650000000000000 0.3317468716225567
0.7662500000000000 0.3324742982214230
0.7675000000000001 0.3332043082738501
0.7687500000000000 0.3339368905221796
0.7700000000000000 0.3346720336690870
0.7712500000000000 0.3354097263777557
0.7725000000000000 0.3361499572720515
0.7737500000000000 0.3368927149366984
0.7750000000000000 0.3376379879174540
0.7762500000000000 0.3383857647212876
0.7775000000000000 0.3391360338165552
0.7787500000000001 0.3398887836331798
0.7800000000000000 0.3406440025628276
0.7812500000000000 0.3414016789590886
0.7825000000000000 0.3421618011376555
0.7837500000000001 0.3429243573765041
0.7850000000000000 0.3436893359160738
0.7862500000000000 0.3444567249594489
0.7875000000000000 0.3452265126725415
0.7887500000000001 0.3459986871842725
0.7900000000000000 0.3467732365867559
0.7912500000000000 0.3475501489354815
0.7925000000000000 0.3483294122495001
0.7937500000000001 0.3491110145116072
0.7950000000000000 0.3498949436685290
0.7962500000000000 0.3506811876311082
0.7975000000000000 0.3514697342744904
0.7987500000000001 0.3522605714383107
0.8000000000000000 0.3530536869268817
0.8012500000000000 0.3538490685093816
0.8025000000000000 0.3546467039200423
0.8037500000000000 0.3554465808583391
0.8050000000000000 0.3562486869891804
0.8062500000000000 0.3570530099430970
0.8075000000000000 0.3578595373164339
0.8087500000000000 0.3586682566715418
0.8100000000000001 0.3594791555369674
0.8112500000000000 0.3602922214076471
0.8125000000000000 0.3611074417450995
0.8137500000000000 0.3619248039776183
0.8150000000000001 0.3627442955004671
0.8162500000000000 0.3635659036760725
0.8175000000000000 0.3643896158342203
0.8187500000000000 0.3652154192722499
0.8200000000000001 0.3660433012552509
0.8212500000000000 0.3668732490162587
0.8225000000000000 0.3677052497564524
0.8237500000000000 0.3685392906453511
0.8250000000000001 0.3693753588210128
0.8262500000000000 0.3702134413902318
0.8275000000000000 0.3710535254287381
0.8287500000000000 0.3718955979813968
0.8300000000000001 0.3727396460624072
0.8312500000000000 0.3735856566555039
0.8325000000000000 0.3744336167141568
0.8337500000000000 0.3752835131617732
0.8350000000000000 0.3761353328918980
0.8362500000000000 0.3769890627684177
0.8375000000000000 0.3778446896257613
0.8387500000000000 0.3787022002691040
0.8400000000000000 0.3795615814745711
0.8412500000000001 0.3804228199894414
0.8425000000000000 0.3812859025323513
0.8437500000000000 0.3821508157935005
0.8450000000000000 0.3830175464348566
0.8462500000000001 0.3838860810903609
0.8475000000000000 0.3847564063661344
0.8487500000000000 0.3856285088406848
0.8500000000000000 0.3865023750651133
0.8512500000000001 0.3873779915633215
0.8525000000000000 0.3882553448322197
0.8537500000000000 0.3891344213419354
0.8550000000000000 0.3900152075360211
0.8562500000000001 0.3908976898316645
0.8575000000000000 0.3917818546198966
0.8587500000000000 0.3926676882658025
0.8600000000000000 0.3935551771087318
0.8612500000000001 0.3944443074625086
0.8625000000000000 0.3953350656156430
0.8637500000000000 0.3962274378315422
0.8650000000000000 0.3971214103487228
0.8662500000000000 0.3980169693810227
0.8675000000000000 0.3989141011178138
0.8687500000000000 0.3998127917242147
0.8700000000000000 0.4007130273413049
0.8712500000000000 0.4016147940863371
0.8725000000000001 0.4025180780529529
0.8737500000000000 0.4034228653113960
0.8750000000000000 0.4043291419087275
0.8762500000000000 0.4052368938690413
0.8775000000000001 0.4061461071936793
0.8787500000000000 0.4070567678614470
0.8800000000000000 0.4079688618288305
0.8812500000000000 0.4088823750302126
0.8825000000000001 0.4097972933780896
0.8837500000000000 0.4107136027632887
0.8850000000000000 0.4116312890551856
0.8862500000000000 0.4125503381019228
0.8875000000000001 0.4134707357306268
0.8887500000000000 0.4143924677476275
0.8900000000000000 0.4153155199386772
0.8912500000000000 0.4162398780691690
0.8925000000000001 0.4171655278843572
0.8937500000000000 0.4180924551095767
0.8950000000000000 0.4190206454504626
0.8962500000000000 0.4199500845931720
0.8975000000000000 0.4208807582046035
0.8987500000000000 0.4218126519326186
0.9000000000000000 0.4227457514062631
0.9012500000000000 0.4236800422359892
0.9025000000000000 0.4246155100138760
0.9037500000000001 0.4255521403138537
0.9050000000000000 0.4264899186919240
0.9062500000000000 0.4274288306863844
0.9075000000000000 0.4283688618180503
0.9087500000000001 0.4293099975904791
0.9100000000000000 0.4302522234901927
0.9112500000000000 0.4311955249869021
0.9125000000000000 0.4321398875337313
0.9137500000000001 0.4330852965674419
0.9150000000000000 0.4340317375086568
0.9162500000000000 0.4349791957620858
0.9175000000000000 0.4359276567167508
0.9187500000000001 0.4368771057462106
0.9200000000000000 0.4378275282087863
0.9212500000000000 0.4387789094477881
0.9225000000000000 0.4397312347917403
0.9237500000000001 0.4406844895546081
0.9250000000000000 0.4416386590360236
0.9262500000000000 0.4425937285215133
0.9275000000000000 0.4435496832827240
0.9287500000000000 0.4445065085776509
0.9300000000000000 0.4454641896508644
0.9312500000000000 0.4464227117337373
0.9325000000000000 0.4473820600446735
0.9337500000000000 0.4483422197893354
0.9350000000000001 0.4493031761608719
0.9362500000000000 0.4502649143401468
0.9375000000000000 0.4512274194959678
0.9387500000000000 0.4521906767853149
0.9400000000000001 0.4531546713535688
0.9412500000000000 0.4541193883347409
0.9425000000000000 0.4550848128517019
0.9437500000000000 0.4560509300164113
0.9450000000000001 0.4570177249301476
0.9462500000000000 0.4579851826837371
0.9475000000000000 0.4589532883577843
0.9487500000000000 0.4599220270229021
0.9500000000000001 0.4608913837399423
0.9512500000000000 0.4618613435602247
0.9525000000000000 0.4628318915257692
0.9537500000000000 0.4638030126695256
0.9550000000000001 0.4647746920156044
0.9562500000000000 0.4657469145795080
0.9575000000000000 0.4667196653683618
0.9587500000000000 0.4676929293811456
0.9600000000000000 0.4686666916089239
0.9612500000000000 0.4696409370350788
0.9625000000000000 0.4706156506355406
0.9637500000000000 0.4715908173790197
0.9650000000000000 0.4725664222272386
0.9662500000000001 0.4735424501351639
0.9675000000000000 0.4745188860512375
0.9687500000000000 0.4754957149176098
0.9700000000000000 0.4764729216703714
0.9712500000000001 0.4774504912397853
0.9725000000000000 0.4784284085505192
0.9737500000000000 0.4794066585218785
0.9750000000000000 0.4803852260680387
0.9762500000000001 0.4813640960982776
0.9775000000000000 0.4823432535172083
0.9787500000000000 0.4833226832250123
0.9800000000000000 0.4843023701176716
0.9812500000000001 0.4852822990872027
0.9825000000000000 0.4862624550218886
0.9837500000000000 0.4872428228065121
0.9850000000000000 0.4882233873225892
0.9862500000000001 0.4892041334486024
0.9875000000000000 0.4901850460602329
0.9887500000000000 0.4911661100305947
0.9900000000000000 0.4921473102304679
0.9912500000000001 0.4931286315285317
0.9925000000000000 0.4941100587915975
0.9937500000000000 0.4950915768848428
0.9950000000000000 0.4960731706720448
0.9962500000000000 0.4970548250158126
0.9975000000000001 0.4980365247778221
0.9987500000000000 0.4990182548190485
1.0000000000000000 0.4999999999999999
1.0012500000000000 0.5009817451809514
1.0024999999999999 0.5019634752221778
1.0037499999999999 0.5029451749841872
1.0050000000000001 0.5039268293279552
1.0062500000000001 0.5049084231151570
1.0075000000000001 0.5058899412084026
1.0087500000000000 0.5068713684714683
1.0100000000000000 0.5078526897695320
1.0112500000000000 0.5088338899694053
1.0125000000000000 0.5098149539397671
1.0137499999999999 0.5107958665513975
1.0150000000000001 0.5117766126774107
1.0162500000000001 0.5127571771934880
1.0175000000000001 0.5137375449781114
1.0187500000000000 0.5147177009127973
1.0200000000000000 0.5156976298823284
1.0212500000000000 0.5166773167749876
1.0225000000000000 0.5176567464827917
1.0237499999999999 0.5186359039017223
1.0249999999999999 0.5196147739319611
1.0262500000000001 0.5205933414781214
1.0275000000000001 0.5215715914494810
1.0287500000000001 0.5225495087602148
1.0300000000000000 0.5235270783296285
1.0312500000000000 0.5245042850823901
1.0325000000000000 0.5254811139487624
1.0337499999999999 0.5264575498648361
1.0349999999999999 0.5274335777727612
1.0362500000000001 0.5284091826209804
1.0375000000000001 0.5293843493644594
1.0387500000000001 0.5303590629649211
1.0400000000000000 0.5313333083910761
1.0412500000000000 0.5323070706188544
1.0425000000000000 0.5332803346316380
1.0437500000000000 0.5342530854204920
1.0449999999999999 0.5352253079843956
1.0462500000000001 0.5361969873304745
1.0475000000000001 0.5371681084742308
1.0487500000000001 0.5381386564397753
1.0500000000000000 0.5391086162600577
1.0512500000000000 0.5400779729770978
1.0525000000000000 0.5410467116422157
1.0537500000000000 0.5420148173162629
1.0549999999999999 0.5429822750698523
1.0562499999999999 0.5439490699835885
1.0575000000000001 0.5449151871482982
1.0587500000000001 0.5458806116652590
1.0600000000000001 0.5468453286464312
1.0612500000000000 0.5478093232146850
1.0625000000000000 0.5487725805040321
1.0637500000000000 0.5497350856598531
1.0649999999999999 0.5506968238391280
1.0662499999999999 0.5516577802106645
1.0675000000000001 0.5526179399553265
1.0687500000000001 0.5535772882662627
1.0700000000000001 0.5545358103491356
1.0712500000000000 0.5554934914223491
1.0725000000000000 0.5564503167172759
1.0737500000000000 0.5574062714784866
1.0750000000000000 0.5583613409639763
1.0762499999999999 0.5593155104453919
1.0775000000000001 0.5602687652082597
1.0787500000000001 0.5612210905522119
1.0800000000000001 0.5621724717912138
1.0812500000000000 0.5631228942537895
1.0825000000000000 0.5640723432832491
1.0837500000000000 0.5650208042379141
1.0850000000000000 0.5659682624913431
1.0862499999999999 0.5669147034325580
1.0875000000000001 0.5678601124662686
1.0887500000000001 0.5688044750130979
1.0900000000000001 0.5697477765098073
1.0912500000000001 0.5706900024095209
1.0925000000000000 0.5716311381819495
1.0937500000000000 0.5725711693136155
1.0950000000000000 0.5735100813080760
1.0962499999999999 0.5744478596861462
1.0974999999999999 0.5753844899861238
1.0987500000000001 0.5763199577640109
1.1000000000000001 0.5772542485937370
1.1012500000000001 0.5781873480673815
1.1025000000000000 0.5791192417953965
1.1037500000000000 0.5800499154068279
1.1050000000000000 0.5809793545495373
1.1062500000000000 0.5819075448904233
1.1074999999999999 0.5828344721156427
1.1087500000000001 0.5837601219308310
1.1100000000000001 0.5846844800613229
1.1112500000000001 0.5856075322523725
1.1125000000000000 0.5865292642693732
1.1137500000000000 0.5874496618980771
1.1150000000000000 0.5883687109448142
1.1162500000000000 0.5892863972367113
1.1174999999999999 0.5902027066219103
1.1187500000000001 0.5911176249697875
1.1200000000000001 0.5920311381711696
1.1212500000000001 0.5929432321385530
1.1225000000000001 0.5938538928063207
1.1237500000000000 0.5947631061309586
1.1250000000000000 0.5956708580912724
1.1262500000000000 0.5965771346886040
1.1274999999999999 0.5974819219470471
1.1287499999999999 0.5983852059136627
1.1300000000000001 0.5992869726586952
1.1312500000000001 0.6001872082757852
1.1325000000000001 0.6010858988821863
1.1337500000000000 0.6019830306189773
1.1350000000000000 0.6028785896512772
1.1362500000000000 0.6037725621684578
1.1375000000000000 0.6046649343843570
1.1387499999999999 0.6055556925374913
1.1400000000000001 0.6064448228912682
1.1412500000000001 0.6073323117341975
1.1425000000000001 0.6082181453801034
1.1437500000000000 0.6091023101683356
1.1450000000000000 0.6099847924639787
1.1462500000000000 0.6108655786580646
1.1475000000000000 0.6117446551677803
1.1487499999999999 0.6126220084366785
1.1500000000000001 0.6134976249348868
1.1512500000000001 0.6143714911593151
1.1525000000000001 0.6152435936338656
1.1537500000000001 0.6161139189096392
1.1550000000000000 0.6169824535651433
1.1562500000000000 0.6178491842064994
1.1575000000000000 0.6187140974676486
1.1587499999999999 0.6195771800105585
1.1599999999999999 0.6204384185254288
1.1612500000000001 0.6212977997308960
1.1625000000000001 0.6221553103742388
1.1637500000000001 0.6230109372315822
1.1650000000000000 0.6238646671081018
1.1662500000000000 0.6247164868382268
1.1675000000000000 0.6255663832858431
1.1687500000000000 0.6264143433444961
1.1699999999999999 0.6272603539375927
1.1712500000000001 0.6281044020186033
1.1725000000000001 0.6289464745712620
1.1737500000000001 0.6297865586097682
1.1750000000000000 0.6306246411789872
1.1762500000000000 0.6314607093546489
1.1775000000000000 0.6322947502435476
1.1787500000000000 0.6331267509837413
1.1799999999999999 0.6339566987447491
1.1812500000000001 0.6347845807277501
1.1825000000000001 0.6356103841657798
1.1837500000000001 0.6364340963239274
1.1850000000000001 0.6372557044995329
1.1862500000000000 0.6380751960223816
1.1875000000000000 0.6388925582549005
1.1887500000000000 0.6397077785923528
1.1899999999999999 0.6405208444630326
1.1912499999999999 0.6413317433284582
1.1925000000000001 0.6421404626835661
1.1937500000000001 0.6429469900569031
1.1950000000000001 0.6437513130108197
1.1962500000000000 0.6445534191416608
1.1975000000000000 0.6453532960799576
1.1987500000000000 0.6461509314906183
1.2000000000000000 0.6469463130731182
1.2012499999999999 0.6477394285616893
1.2025000000000001 0.6485302657255096
1.2037500000000001 0.6493188123688918
1.2050000000000001 0.6501050563314711
1.2062500000000000 0.6508889854883928
1.2075000000000000 0.6516705877504998
1.2087500000000000 0.6524498510645185
1.2100000000000000 0.6532267634132440
1.2112499999999999 0.6540013128157274
1.2125000000000001 0.6547734873274585
1.2137500000000001 0.6555432750405511
1.2150000000000001 0.6563106640839262
1.2162500000000001 0.6570756426234959
1.2175000000000000 0.6578381988623444
1.2187500000000000 0.6585983210409113
1.2200000000000000 0.6593559974371724
1.2212499999999999 0.6601112163668202
1.2224999999999999 0.6608639661834446
1.2237500000000001 0.6616142352787124
1.2250000000000001 0.6623620120825460
1.2262500000000001 0.6631072850633017
1.2275000000000000 0.6638500427279485
1.2287500000000000 0.6645902736222442
1.2300000000000000 0.6653279663309130
1.2312500000000000 0.6660631094778203
1.2324999999999999 0.6667956917261498
1.2337500000000001 0.6675257017785770
1.2350000000000001 0.6682531283774433
1.2362500000000001 0.6689779603049312
1.2375000000000000 0.6697001863832355
1.2387500000000000 0.6704197954747365
1.2400000000000000 0.6711367764821722
1.2412500000000000 0.6718511183488081
1.2424999999999999 0.6725628100586092
1.2437500000000001 0.6732718406364090
1.2450000000000001 0.6739781991480787
1.2462500000000001 0.6746818747006961
1.2475000000000001 0.6753828564427139
1.2487500000000000 0.6760811335641266
1.2500000000000000 0.6767766952966369
1.2512500000000000 0.6774695309138226
1.2524999999999999 0.6781596297313013
1.2537499999999999 0.6788469811068957
1.2550000000000001 0.6795315744407973
1.2562500000000001 0.6802133991757298
1.2575000000000001 0.6808924447971123
1.2587500000000000 0.6815687008332216
1.2600000000000000 0.6822421568553528
1.2612500000000000 0.6829128024779811
1.2625000000000000 0.6835806273589213
1.2637499999999999 0.6842456211994876
1.2650000000000001 0.6849077737446524
1.2662500000000001 0.6855670747832043
1.2675000000000001 0.6862235141479055
1.2687500000000000 0.6868770817156492
1.2700000000000000 0.6875277674076149
1.2712500000000000 0.6881755611894242
1.2725000000000000 0.6888204530712959
1.2737499999999999 0.6894624331081992
1.2750000000000001 0.6901014914000078
1.2762500000000001 0.6907376180916522
1.2775000000000001 0.6913708033732719
1.2787500000000001 0.6920010374803669
1.2800000000000000 0.6926283106939474
1.2812500000000000 0.6932526133406842
1.2825000000000000 0.6938739357930586
1.2837499999999999 0.6944922684695096
1.2849999999999999 0.6951076018345823
1.2862500000000001 0.6957199263990754
1.2875000000000001 0.6963292327201863
1.2887500000000001 0.6969355114016577
1.2900000000000000 0.6975387530939225
1.2912500000000000 0.6981389484942477
1.2925000000000000 0.6987360883468774
1.2937500000000000 0.6993301634431768
1.2949999999999999 0.6999211646217727
1.2962500000000001 0.7005090827686958
1.2975000000000001 0.7010939088175212
1.2987500000000001 0.7016756337495075
1.3000000000000000 0.7022542485937369
1.3012500000000000 0.7028297444272525
1.3025000000000000 0.7034021123751968
1.3037500000000000 0.7039713436109478
1.3049999999999999 0.7045374293562559
1.3062500000000001 0.7051003608813784
1.3075000000000001 0.7056601295052150
1.3087500000000001 0.7062167265954409
1.3100000000000001 0.7067701435686404
1.3112500000000000 0.7073203718904394
1.3125000000000000 0.7078674030756363
1.3137500000000000 0.7084112286883335
1.3149999999999999 0.7089518403420675
1.3162499999999999 0.7094892296999378
1.3175000000000001 0.7100233884747355
1.3187500000000001 0.7105543084290716
1.3200000000000001 0.7110819813755038
1.3212500000000000 0.7116063991766622
1.3225000000000000 0.7121275537453760
1.3237500000000000 0.7126454370447965
1.3250000000000000 0.7131600410885230
1.3262499999999999 0.7136713579407244
1.3275000000000001 0.7141793797162623
1.3287500000000001 0.7146840985808126
1.3300000000000001 0.7151855067509859
1.3312500000000000 0.7156835964944480
1.3325000000000000 0.7161783601300388
1.3337500000000000 0.7166697900278910
1.3350000000000000 0.7171578786095478
1.3362499999999999 0.7176426183480793
1.3375000000000001 0.7181240017681993
1.3387500000000001 0.7186020214463797
1.3400000000000001 0.7190766700109659
1.3412500000000001 0.7195479401422898
1.3425000000000000 0.7200158245727829
1.3437500000000000 0.7204803160870887
1.3450000000000000 0.7209414075221734
1.3462499999999999 0.7213990917674363
1.3474999999999999 0.7218533617648207
1.3487500000000001 0.7223042105089211
1.3500000000000001 0.7227516310470919
1.3512500000000001 0.7231956164795552
1.3525000000000000 0.7236361599595063
1.3537500000000000 0.7240732546932196
1.3550000000000000 0.7245068939401539
1.3562500000000000 0.7249370710130554
1.3574999999999999 0.7253637792780614
1.3587500000000001 0.7257870121548028
1.3600000000000001 0.7262067631165050
1.3612500000000001 0.7266230256900886
1.3625000000000000 0.7270357934562703
1.3637500000000000 0.7274450600496603
1.3650000000000000 0.7278508191588613
1.3662500000000000 0.7282530645265660
1.3674999999999999 0.7286517899496534
1.3687500000000001 0.7290469892792840
1.3700000000000001 0.7294386564209954
1.3712500000000001 0.7298267853347955
1.3725000000000001 0.7302113700352566
1.3737500000000000 0.7305924045916067
1.3750000000000000 0.7309698831278216
1.3762500000000000 0.7313437998227155
1.3774999999999999 0.7317141489100302
1.3787499999999999 0.7320809246785247
1.3800000000000001 0.7324441214720628
1.3812500000000001 0.7328037336897009
1.3825000000000001 0.7331597557857735
1.3837500000000000 0.7335121822699796
1.3850000000000000 0.7338610077074669
1.3862500000000000 0.7342062267189153
1.3875000000000000 0.7345478339806211
1.3887499999999999 0.7348858242245773
1.3900000000000001 0.7352201922385564
1.3912500000000001 0.7355509328661900
1.3925000000000001 0.7358780410070485
1.3937500000000000 0.7362015116167195
1.3950000000000000 0.7365213397068864
1.3962500000000000 0.7368375203454041
1.3975000000000000 0.7371500486563761
1.3987499999999999 0.7374589198202294
1.4000000000000001 0.7377641290737884
1.4012500000000001 0.7380656717103489
1.4025000000000001 0.7383635430797504
1.4037500000000001 0.7386577385884479
1.4050000000000000 0.7389482536995825
1.4062500000000000 0.7392350839330522
1.4075000000000000 0.7395182248655798
1.4087499999999999 0.7397976721307817
1.4099999999999999 0.7400734214192357
1.4112500000000001 0.7403454684785464
1.4125000000000001 0.7406138091134118
1.4137500000000001 0.7408784391856872
1.4150000000000000 0.7411393546144495
1.4162500000000000 0.7413965513760601
1.4175000000000000 0.7416500255042269
1.4187500000000000 0.7418997730900649
1.4199999999999999 0.7421457902821578
1.4212500000000001 0.7423880732866159
1.4225000000000001 0.7426266183671356
1.4237500000000001 0.7428614218450568
1.4250000000000000 0.7430924800994192
1.4262500000000000 0.7433197895670187
1.4275000000000000 0.7435433467424624
1.4287500000000000 0.7437631481782218
1.4299999999999999 0.7439791904846869
1.4312500000000001 0.7441914703302182
1.4325000000000001 0.7443999844411977
1.4337500000000001 0.7446047296020800
1.4350000000000001 0.7448057026554414
1.4362500000000000 0.7450029005020289
1.4375000000000000 0.7451963201008076
1.4387500000000000 0.7453859584690081
1.4399999999999999 0.7455718126821722
1.4412499999999999 0.7457538798741978
1.4425000000000001 0.7459321572373840
1.4437500000000001 0.7461066420224729
1.4450000000000001 0.7462773315386935
1.4462500000000000 0.7464442231538022
1.4475000000000000 0.7466073142941239
1.4487500000000000 0.7467666024445914
1.4500000000000000 0.7469220851487844
1.4512499999999999 0.7470737600089673
1.4525000000000001 0.7472216246861262
1.4537500000000001 0.7473656769000047
1.4550000000000001 0.7475059144291394
1.4562500000000000 0.7476423351108943
1.4575000000000000 0.7477749368414937
1.4587500000000000 0.7479037175760548
1.4600000000000000 0.7480286753286194
1.4612499999999999 0.7481498081721845
1.4625000000000001 0.7482671142387316
1.4637500000000001 0.7483805917192561
1.4650000000000001 0.7484902388637950
1.4662500000000001 0.7485960539814535
1.4675000000000000 0.7486980354404316
1.4687500000000000 0.7487961816680493
1.4700000000000000 0.7488904911507700
1.4712499999999999 0.7489809624342251
1.4724999999999999 0.7490675941232353
1.4737500000000001 0.7491503848818329
1.4750000000000001 0.7492293334332820
1.4762500000000001 0.7493044385600982
1.4775000000000000 0.7493756991040675
1.4787500000000000 0.7494431139662643
1.4800000000000000 0.7495066821070679
1.4812500000000000 0.7495664025461790
1.4824999999999999 0.7496222743626345
1.4837500000000001 0.7496742966948219
1.4850000000000001 0.7497224687404925
1.4862500000000001 0.7497667897567737
1.4875000000000000 0.7498072590601808
1.4887500000000000 0.7498438760266267
1.4900000000000000 0.7498766400914330
1.4912500000000000 0.7499055507493367
1.4924999999999999 0.7499306075545001
1.4937500000000001 0.7499518101205163
1.4950000000000001 0.7499691581204151
1.4962500000000001 0.7499826512866693
1.4975000000000001 0.7499922894111974
1.4987500000000000 0.7499980723453676
1.5000000000000000 0.7500000000000000
1.5012500000000000 0.7499980723453676
1.5024999999999999 0.7499922894111974
1.5037500000000001 0.7499826512866693
1.5050000000000001 0.7499691581204151
1.5062500000000001 0.7499518101205163
1.5075000000000001 0.7499306075545001
1.5087500000000000 0.7499055507493367
1.5100000000000000 0.7498766400914330
1.5112500000000000 0.7498438760266267
1.5125000000000000 0.7498072590601808
1.5137499999999999 0.7497667897567737
1.5150000000000001 0.7497224687404924
1.5162500000000001 0.7496742966948219
1.5175000000000001 0.7496222743626345
1.5187500000000000 0.7495664025461790
1.5200000000000000 0.7495066821070679
1.5212500000000000 0.7494431139662643
1.5225000000000000 0.7493756991040675
1.5237499999999999 0.7493044385600982
1.5250000000000001 0.7492293334332820
1.5262500000000001 0.7491503848818329
1.5275000000000001 0.7490675941232353
1.5287500000000001 0.7489809624342251
1.5300000000000000 0.7488904911507700
1.5312500000000000 0.7487961816680493
1.5325000000000000 0.7486980354404316
1.5337499999999999 0.7485960539814535
1.5350000000000001 0.7484902388637950
1.5362500000000001 0.7483805917192561
1.5375000000000001 0.7482671142387316
1.5387500000000001 0.7481498081721845
1.5400000000000000 0.7480286753286195
1.5412500000000000 0.7479037175760548
1.5425000000000000 0.7477749368414937
1.5437500000000000 0.7476423351108943
1.5449999999999999 0.7475059144291394
1.5462500000000001 0.7473656769000045
1.5475000000000001 0.7472216246861261
1.5487500000000001 0.7470737600089674
1.5500000000000000 0.7469220851487844
1.5512500000000000 0.7467666024445914
1.5525000000000000 0.7466073142941239
1.5537500000000000 0.7464442231538022
1.5549999999999999 0.7462773315386935
1.5562500000000001 0.7461066420224729
1.5575000000000001 0.7459321572373839
1.5587500000000001 0.7457538798741978
1.5600000000000001 0.7455718126821722
1.5612500000000000 0.7453859584690081
1.5625000000000000 0.7451963201008076
1.5637500000000000 0.7450029005020289
1.5649999999999999 0.7448057026554414
1.5662500000000001 0.7446047296020799
1.5675000000000001 0.7443999844411977
1.5687500000000001 0.7441914703302182
1.5700000000000001 0.7439791904846869
1.5712500000000000 0.7437631481782218
1.5725000000000000 0.7435433467424624
1.5737500000000000 0.7433197895670187
1.5750000000000000 0.7430924800994192
1.5762499999999999 0.7428614218450568
1.5775000000000001 0.7426266183671356
1.5787500000000001 0.7423880732866159
1.5800000000000001 0.7421457902821578
1.5812500000000000 0.7418997730900649
1.5825000000000000 0.7416500255042269
1.5837500000000000 0.7413965513760601
1.5850000000000000 0.7411393546144496
1.5862499999999999 0.7408784391856873
1.5875000000000001 0.7406138091134118
1.5887500000000001 0.7403454684785465
1.5900000000000001 0.7400734214192357
1.5912500000000001 0.7397976721307817
1.5925000000000000 0.7395182248655798
1.5937500000000000 0.7392350839330523
1.5950000000000000 0.7389482536995825
1.5962499999999999 0.7386577385884479
1.5975000000000001 0.7383635430797503
1.5987500000000001 0.7380656717103489
1.6000000000000001 0.7377641290737884
1.6012500000000001 0.7374589198202294
1.6025000000000000 0.7371500486563761
1.6037500000000000 0.7368375203454041
1.6050000000000000 0.7365213397068864
1.6062500000000000 0.7362015116167195
1.6074999999999999 0.7358780410070485
1.6087500000000001 0.7355509328661899
1.6100000000000001 0.7352201922385564
1.6112500000000001 0.7348858242245773
1.6125000000000000 0.7345478339806211
1.6137500000000000 0.7342062267189153
1.6150000000000000 0.7338610077074669
1.6162500000000000 0.7335121822699797
1.6174999999999999 0.7331597557857735
1.6187500000000001 0.7328037336897009
1.6200000000000001 0.7324441214720628
1.6212500000000001 0.7320809246785247
1.6225000000000001 0.7317141489100303
1.6237500000000000 0.7313437998227155
1.6250000000000000 0.7309698831278216
1.6262500000000000 0.7305924045916068
1.6274999999999999 0.7302113700352566
1.6287500000000001 0.7298267853347955
1.6300000000000001 0.7294386564209953
1.6312500000000001 0.7290469892792839
1.6325000000000001 0.7286517899496534
1.6337500000000000 0.7282530645265661
1.6350000000000000 0.7278508191588613
1.6362500000000000 0.7274450600496603
1.6375000000000000 0.7270357934562703
1.6387499999999999 0.7266230256900887
1.6400000000000001 0.7262067631165049
1.6412500000000001 0.7257870121548028
1.6425000000000001 0.7253637792780614
1.6437500000000000 0.7249370710130554
1.6450000000000000 0.7245068939401539
1.6462500000000000 0.7240732546932196
1.6475000000000000 0.7236361599595064
1.6487499999999999 0.7231956164795552
1.6500000000000001 0.7227516310470921
1.6512500000000001 0.7223042105089211
1.6525000000000001 0.7218533617648208
1.6537500000000001 0.7213990917674364
1.6550000000000000 0.7209414075221734
1.6562500000000000 0.7204803160870887
1.6575000000000000 0.7200158245727830
1.6587499999999999 0.7195479401422898
1.6600000000000001 0.7190766700109659
1.6612500000000001 0.7186020214463797
1.6625000000000001 0.7181240017681992
1.6637500000000001 0.7176426183480793
1.6650000000000000 0.7171578786095478
1.6662500000000000 0.7166697900278911
1.6675000000000000 0.7161783601300388
1.6687500000000000 0.7156835964944480
1.6699999999999999 0.7151855067509860
1.6712500000000001 0.7146840985808126
1.6725000000000001 0.7141793797162624
1.6737500000000001 0.7136713579407244
1.6750000000000000 0.7131600410885230
1.6762500000000000 0.7126454370447965
1.6775000000000000 0.7121275537453760
1.6787500000000000 0.7116063991766622
1.6799999999999999 0.7110819813755038
1.6812500000000001 0.7105543084290715
1.6825000000000001 0.7100233884747353
1.6837500000000001 0.7094892296999378
1.6850000000000001 0.7089518403420676
1.6862500000000000 0.7084112286883335
1.6875000000000000 0.7078674030756363
1.6887500000000000 0.7073203718904394
1.6899999999999999 0.7067701435686404
1.6912500000000001 0.7062167265954409
1.6925000000000001 0.7056601295052150
1.6937500000000001 0.7051003608813784
1.6950000000000001 0.7045374293562559
1.6962500000000000 0.7039713436109478
1.6975000000000000 0.7034021123751968
1.6987500000000000 0.7028297444272525
1.7000000000000000 0.7022542485937369
1.7012499999999999 0.7016756337495075
1.7025000000000001 0.7010939088175211
1.7037500000000001 0.7005090827686957
1.7050000000000001 0.6999211646217727
1.7062500000000000 0.6993301634431768
1.7075000000000000 0.6987360883468775
1.7087500000000000 0.6981389484942477
1.7100000000000000 0.6975387530939227
1.7112499999999999 0.6969355114016578
1.7125000000000001 0.6963292327201862
1.7137500000000001 0.6957199263990754
1.7150000000000001 0.6951076018345823
1.7162500000000001 0.6944922684695096
1.7175000000000000 0.6938739357930586
1.7187500000000000 0.6932526133406842
1.7200000000000000 0.6926283106939474
1.7212499999999999 0.6920010374803670
1.7225000000000001 0.6913708033732721
1.7237500000000001 0.6907376180916522
1.7250000000000001 0.6901014914000076
1.7262500000000001 0.6894624331081992
1.7275000000000000 0.6888204530712959
1.7287500000000000 0.6881755611894242
1.7300000000000000 0.6875277674076149
1.7312500000000000 0.6868770817156493
1.7324999999999999 0.6862235141479056
1.7337500000000001 0.6855670747832042
1.7350000000000001 0.6849077737446524
1.7362500000000001 0.6842456211994876
1.7375000000000000 0.6835806273589214
1.7387500000000000 0.6829128024779813
1.7400000000000000 0.6822421568553529
1.7412500000000000 0.6815687008332217
1.7424999999999999 0.6808924447971124
1.7437500000000001 0.6802133991757295
1.7450000000000001 0.6795315744407973
1.7462500000000001 0.6788469811068957
1.7475000000000001 0.6781596297313013
1.7487500000000000 0.6774695309138227
1.7500000000000000 0.6767766952966370
1.7512500000000000 0.6760811335641266
1.7524999999999999 0.6753828564427140
1.7537500000000001 0.6746818747006960
1.7550000000000001 0.6739781991480784
1.7562500000000001 0.6732718406364090
1.7575000000000001 0.6725628100586093
1.7587500000000000 0.6718511183488081
1.7600000000000000 0.6711367764821723
1.7612500000000000 0.6704197954747366
1.7625000000000000 0.6697001863832355
1.7637499999999999 0.6689779603049313
1.7650000000000001 0.6682531283774433
1.7662500000000001 0.6675257017785770
1.7675000000000001 0.6667956917261499
1.7687500000000000 0.6660631094778204
1.7700000000000000 0.6653279663309131
1.7712500000000000 0.6645902736222443
1.7725000000000000 0.6638500427279486
1.7737499999999999 0.6631072850633017
1.7750000000000001 0.6623620120825459
1.7762500000000001 0.6616142352787124
1.7775000000000001 0.6608639661834448
1.7787500000000001 0.6601112163668202
1.7800000000000000 0.6593559974371724
1.7812500000000000 0.6585983210409114
1.7825000000000000 0.6578381988623445
1.7837499999999999 0.6570756426234959
1.7850000000000001 0.6563106640839262
1.7862500000000001 0.6555432750405510
1.7875000000000001 0.6547734873274584
1.7887500000000001 0.6540013128157275
1.7900000000000000 0.6532267634132441
1.7912500000000000 0.6524498510645185
1.7925000000000000 0.6516705877505000
1.7937500000000000 0.6508889854883929
1.7949999999999999 0.6501050563314710
1.7962500000000001 0.6493188123688918
1.7975000000000001 0.6485302657255096
1.7987500000000001 0.6477394285616894
1.8000000000000000 0.6469463130731183
1.8012500000000000 0.6461509314906184
1.8025000000000000 0.6453532960799576
1.8037500000000000 0.6445534191416609
1.8049999999999999 0.6437513130108197
1.8062500000000001 0.6429469900569031
1.8075000000000001 0.6421404626835659
1.8087500000000001 0.6413317433284582
1.8100000000000001 0.6405208444630327
1.8112500000000000 0.6397077785923529
1.8125000000000000 0.6388925582549005
1.8137500000000000 0.6380751960223818
1.8149999999999999 0.6372557044995331
1.8162500000000001 0.6364340963239273
1.8175000000000001 0.6356103841657796
1.8187500000000001 0.6347845807277500
1.8200000000000001 0.6339566987447491
1.8212500000000000 0.6331267509837414
1.8225000000000000 0.6322947502435476
1.8237500000000000 0.6314607093546489
1.8250000000000000 0.6306246411789873
1.8262499999999999 0.6297865586097683
1.8275000000000001 0.6289464745712620
1.8287500000000001 0.6281044020186033
1.8300000000000001 0.6272603539375928
1.8312500000000000 0.6264143433444961
1.8325000000000000 0.6255663832858432
1.8337500000000000 0.6247164868382269
1.8350000000000000 0.6238646671081018
1.8362499999999999 0.6230109372315824
1.8375000000000001 0.6221553103742387
1.8387500000000001 0.6212977997308960
1.8400000000000001 0.6204384185254288
1.8412500000000001 0.6195771800105586
1.8425000000000000 0.6187140974676488
1.8437500000000000 0.6178491842064995
1.8450000000000000 0.6169824535651434
1.8462499999999999 0.6161139189096393
1.8475000000000001 0.6152435936338655
1.8487500000000001 0.6143714911593150
1.8500000000000001 0.6134976249348867
1.8512500000000001 0.6126220084366786
1.8525000000000000 0.6117446551677802
1.8537500000000000 0.6108655786580647
1.8550000000000000 0.6099847924639789
1.8562500000000000 0.6091023101683355
1.8574999999999999 0.6082181453801037
1.8587500000000001 0.6073323117341974
1.8600000000000001 0.6064448228912680
1.8612500000000001 0.6055556925374914
1.8625000000000000 0.6046649343843570
1.8637500000000000 0.6037725621684578
1.8650000000000000 0.6028785896512773
1.8662500000000000 0.6019830306189774
1.8674999999999999 0.6010858988821863
1.8687500000000001 0.6001872082757852
1.8700000000000001 0.5992869726586951
1.8712500000000001 0.5983852059136630
1.8725000000000001 0.5974819219470471
1.8737500000000000 0.5965771346886040
1.8750000000000000 0.5956708580912726
1.8762500000000000 0.5947631061309587
1.8774999999999999 0.5938538928063208
1.8787500000000001 0.5929432321385530
1.8800000000000001 0.5920311381711695
1.8812500000000001 0.5911176249697874
1.8825000000000001 0.5902027066219105
1.8837500000000000 0.5892863972367114
1.8850000000000000 0.5883687109448142
1.8862500000000000 0.5874496618980773
1.8875000000000000 0.5865292642693734
1.8887499999999999 0.5856075322523725
1.8900000000000001 0.5846844800613229
1.8912500000000001 0.5837601219308309
1.8925000000000001 0.5828344721156427
1.8937500000000000 0.5819075448904234
1.8950000000000000 0.5809793545495374
1.8962500000000000 0.5800499154068279
1.8975000000000000 0.5791192417953966
1.8987499999999999 0.5781873480673816
1.9000000000000001 0.5772542485937369
1.9012500000000001 0.5763199577640109
1.9025000000000001 0.5753844899861239
1.9037500000000001 0.5744478596861462
1.9050000000000000 0.5735100813080760
1.9062500000000000 0.5725711693136156
1.9075000000000000 0.5716311381819495
1.9087499999999999 0.5706900024095211
1.9100000000000001 0.5697477765098072
1.9112500000000001 0.5688044750130979
1.9125000000000001 0.5678601124662686
1.9137500000000001 0.5669147034325580
1.9150000000000000 0.5659682624913434
1.9162500000000000 0.5650208042379142
1.9175000000000000 0.5640723432832492
1.9187500000000000 0.5631228942537897
1.9199999999999999 0.5621724717912139
1.9212500000000001 0.5612210905522118
1.9225000000000001 0.5602687652082597
1.9237500000000001 0.5593155104453920
1.9250000000000000 0.5583613409639763
1.9262500000000000 0.5574062714784869
1.9275000000000000 0.5564503167172760
1.9287500000000000 0.5554934914223491
1.9299999999999999 0.5545358103491358
1.9312500000000001 0.5535772882662626
1.9325000000000001 0.5526179399553263
1.9337500000000001 0.5516577802106646
1.9350000000000001 0.5506968238391281
1.9362500000000000 0.5497350856598531
1.9375000000000000 0.5487725805040322
1.9387500000000000 0.5478093232146851
1.9399999999999999 0.5468453286464312
1.9412500000000001 0.5458806116652590
1.9425000000000001 0.5449151871482980
1.9437500000000001 0.5439490699835887
1.9450000000000001 0.5429822750698524
1.9462500000000000 0.5420148173162630
1.9475000000000000 0.5410467116422158
1.9487500000000000 0.5400779729770979
1.9500000000000000 0.5391086162600578
1.9512500000000002 0.5381386564397753
1.9525000000000001 0.5371681084742307
1.9537500000000001 0.5361969873304744
1.9550000000000001 0.5352253079843957
1.9562500000000000 0.5342530854204920
1.9575000000000000 0.5332803346316380
1.9587500000000000 0.5323070706188546
1.9600000000000000 0.5313333083910762
1.9612499999999999 0.5303590629649212
1.9625000000000001 0.5293843493644594
1.9637500000000001 0.5284091826209802
1.9650000000000001 0.5274335777727612
1.9662500000000001 0.5264575498648362
1.9675000000000000 0.5254811139487625
1.9687500000000000 0.5245042850823901
1.9700000000000000 0.5235270783296287
1.9712499999999999 0.5225495087602149
1.9725000000000001 0.5215715914494808
1.9737500000000001 0.5205933414781214
1.9750000000000001 0.5196147739319612
1.9762500000000001 0.5186359039017225
1.9775000000000000 0.5176567464827917
1.9787500000000000 0.5166773167749877
1.9800000000000000 0.5156976298823284
1.9812500000000000 0.5147177009127974
1.9825000000000002 0.5137375449781113
1.9837500000000001 0.5127571771934879
1.9850000000000001 0.5117766126774107
1.9862500000000001 0.5107958665513975
1.9875000000000000 0.5098149539397673
1.9887500000000000 0.5088338899694054
1.9900000000000000 0.5078526897695321
1.9912500000000000 0.5068713684714685
1.9924999999999999 0.5058899412084027
1.9937500000000001 0.5049084231151569
1.9950000000000001 0.5039268293279552
1.9962500000000001 0.5029451749841873
1.9975000000000001 0.5019634752221778
1.9987500000000000 0.5009817451809516
2.0000000000000000 0.5000000000000001
