0.1175330000000000
0.1170200000000000
0.1176590000000000
0.1178440000000000
0.1649380000000000
0.1185270000000000
0.1184790000000000
0.1176970000000000
0.1178800000000000
0.1179570000000000
0.1182540000000000
0.1179580000000000
0.1178400000000000
0.1194750000000000
0.1188000000000000
0.1192700000000000
0.1182320000000000
0.1184470000000000
0.1183980000000000
0.1180230000000000
0.1179280000000000
0.1179330000000000
0.1181650000000000
0.1190290000000000
0.1184830000000000
0.1180030000000000
0.1177220000000000
0.1185850000000000
0.1177650000000000
0.1182920000000000
