0.0000000000000000 0.5003326222934857
0.0012500000000000 0.5004434401339335
0.0025000000000000 0.5005542582632826
0.0037500000000000 0.5006650761709779
0.0050000000000000 0.5007758942632307
0.0062500000000000 0.5008867120483318
0.0075000000000000 0.5009975300822166
0.0087500000000000 0.5011083478865074
0.0100000000000000 0.5012191658356587
0.0112500000000000 0.5013299835828815
0.0125000000000000 0.5014408014965817
0.0137500000000000 0.5015516191545587
0.0150000000000000 0.5016624370136511
0.0162500000000000 0.5017732545951080
0.0175000000000000 0.5018840723780861
0.0187500000000000 0.5019948898717846
0.0200000000000000 0.5021057075759282
0.0212500000000000 0.5022165249662850
0.0225000000000000 0.5023273425794953
0.0237500000000000 0.5024381598652027
0.0250000000000000 0.5025489773672734
0.0262500000000000 0.5026597945474399
0.0275000000000000 0.5027706119240951
0.0287500000000000 0.5028814289886091
0.0300000000000000 0.5029922462335896
0.0312500000000000 0.5031030631612586
0.0325000000000000 0.5032138802811557
0.0337500000000000 0.5033246970314463
0.0350000000000000 0.5034355140592315
0.0362500000000000 0.5035463305583714
0.0375000000000000 0.5036571475703202
0.0387500000000000 0.5037679636929226
0.0400000000000000 0.5038787808299952
0.0412500000000000 0.5039895963735627
0.0425000000000000 0.5041004138685241
0.0437500000000000 0.5042112285246041
0.0450000000000000 0.5043220467279936
0.0462500000000000 0.5044328600610866
0.0475000000000000 0.5045436794533562
0.0487500000000000 0.5046544909014719
0.0500000000000000 0.5047653120766261
0.0512500000000000 0.5048761209874307
0.0525000000000000 0.5049869445952229
0.0537500000000000 0.5050977503073379
0.0550000000000000 0.5052085769490464
0.0562500000000000 0.5053193789169909
0.0575000000000000 0.5054302090041345
0.0587500000000000 0.5055410069490062
0.0600000000000000 0.5056518405519281
0.0612500000000000 0.5057626346025407
0.0625000000000000 0.5058734713314126
0.0637500000000000 0.5059842621085001
0.0650000000000000 0.5060951010755298
0.0662500000000000 0.5062058896735274
0.0675000000000000 0.5063167295730743
0.0687500000000000 0.5064275174173005
0.0700000000000000 0.5065383567262571
0.0712500000000000 0.5066491453265988
0.0725000000000000 0.5067599825794562
0.0737500000000000 0.5068707732482335
0.0750000000000000 0.5069816073028982
0.0762500000000000 0.5070924009280743
0.0775000000000000 0.5072032311349198
0.0787500000000000 0.5073140280813215
0.0800000000000000 0.5074248543071620
0.0812500000000000 0.5075356544635293
0.0825000000000000 0.5076464769847140
0.0837500000000000 0.5077572799137240
0.0850000000000000 0.5078680992423499
0.0862500000000000 0.5079789043587670
0.0875000000000000 0.5080897210766906
0.0887500000000000 0.5082005277890584
0.0900000000000000 0.5083113424372149
0.0912500000000000 0.5084221502259425
0.0925000000000000 0.5085329632562076
0.0937500000000000 0.5086437716972522
0.0950000000000000 0.5087545834666488
0.0962500000000000 0.5088653922259753
0.0975000000000000 0.5089762030082576
0.0987500000000000 0.5090870118280536
0.1000000000000000 0.5091978218276132
0.1012500000000000 0.5093086305131154
0.1025000000000000 0.5094194398775311
0.1037500000000000 0.5095302482845874
0.1050000000000000 0.5096410571175031
0.1062500000000000 0.5097518651388303
0.1075000000000000 0.5098626735146308
0.1087500000000000 0.5099734810642970
0.1100000000000000 0.5100842890440993
0.1112500000000000 0.5101950960413815
0.1125000000000000 0.5103059036889124
0.1137500000000000 0.5104167100429285
0.1150000000000000 0.5105275174391433
0.1162500000000000 0.5106383230350856
0.1175000000000000 0.5107491302909938
0.1187500000000000 0.5108599349782947
0.1200000000000000 0.5109707422456923
0.1212500000000000 0.5110815458285722
0.1225000000000000 0.5111923533079746
0.1237500000000000 0.5113031555393789
0.1250000000000000 0.5114139634838124
0.1262500000000000 0.5115247640643887
0.1275000000000000 0.5116355727771337
0.1287500000000000 0.5117463713613174
0.1300000000000000 0.5118571811855187
0.1312500000000000 0.5119679773966553
0.1325000000000000 0.5120787886952002
0.1337500000000000 0.5121895821508079
0.1350000000000000 0.5123003952760142
0.1362500000000000 0.5124111856228198
0.1375000000000000 0.5125220008772928
0.1387500000000000 0.5126327878336114
0.1400000000000000 0.5127436054257904
0.1412500000000000 0.5128543888266446
0.1425000000000000 0.5129652088266462
0.1437500000000000 0.5130759886651682
0.1450000000000000 0.5131868109680136
0.1462500000000000 0.5132975874257311
0.1475000000000000 0.5134084117292905
0.1487500000000000 0.5135191851883854
0.1500000000000000 0.5136300109921595
0.1512500000000000 0.5137407820248006
0.1525000000000000 0.5138516086528415
0.1537500000000000 0.5139623779861455
0.1550000000000000 0.5140732046335172
0.1562500000000000 0.5141839730928995
0.1575000000000000 0.5142947988907770
0.1587500000000000 0.5144055673285604
0.1600000000000000 0.5145163914194153
0.1612500000000000 0.5146271606385677
0.1625000000000000 0.5147379822507002
0.1637500000000000 0.5148487529347571
0.1650000000000000 0.5149595714453986
0.1662500000000000 0.5150703441045357
0.1675000000000000 0.5151811590828338
0.1687500000000000 0.5152919340230562
0.1700000000000000 0.5154027452480422
0.1712500000000000 0.5155135225661390
0.1725000000000000 0.5156243300193383
0.1737500000000000 0.5157351096217000
0.1750000000000000 0.5158459134583352
0.1762500000000000 0.5159566950979410
0.1775000000000000 0.5160674956037742
0.1787500000000000 0.5161782789273912
0.1800000000000000 0.5162890764696008
0.1812500000000000 0.5163998610668215
0.1825000000000000 0.5165106560468685
0.1837500000000000 0.5166214414938056
0.1850000000000000 0.5167322343084051
0.1862500000000000 0.5168430202011758
0.1875000000000000 0.5169538112148834
0.1887500000000000 0.5170645971907544
0.1900000000000000 0.5171753867210069
0.1912500000000000 0.5172861724675090
0.1925000000000000 0.5173969607808180
0.1937500000000000 0.5175077460349222
0.1950000000000000 0.5176185333515604
0.1962500000000000 0.5177293178919438
0.1975000000000000 0.5178401043959268
0.1987500000000000 0.5179508880314997
0.2000000000000000 0.5180616738828476
0.2012500000000000 0.5181724564403264
0.2025000000000000 0.5182832417871263
0.2037500000000000 0.5183940230997776
0.2050000000000000 0.5185048080882688
0.2062500000000000 0.5186155879872721
0.2075000000000000 0.5187263727688323
0.2087500000000000 0.5188371510780826
0.2100000000000000 0.5189479358125396
0.2112500000000000 0.5190587123472756
0.2125000000000000 0.5191694972023174
0.2137500000000000 0.5192802717716486
0.2150000000000000 0.5193910569184128
0.2162500000000000 0.5195018293315286
0.2175000000000000 0.5196126149367005
0.2187500000000000 0.5197233850123241
0.2200000000000000 0.5198341712273108
0.2212500000000000 0.5199449388056774
0.2225000000000000 0.5200557257537217
0.2237500000000000 0.5201664907100860
0.2250000000000000 0.5202772784724624
0.2262500000000000 0.5203880407308462
0.2275000000000000 0.5204988293335445
0.2287500000000000 0.5206095888792407
0.2300000000000000 0.5207203782816637
0.2312500000000000 0.5208311351709382
0.2325000000000000 0.5209419252581720
0.2337500000000000 0.5210526796236955
0.2350000000000000 0.5211634702036662
0.2362500000000000 0.5212742222545320
0.2375000000000000 0.5213850130609780
0.2387500000000000 0.5214957630766571
0.2400000000000000 0.5216065537782492
0.2412500000000000 0.5217173020964840
0.2425000000000000 0.5218280923117281
0.2437500000000000 0.5219388393111019
0.2450000000000000 0.5220496286279610
0.2462500000000000 0.5221603747065153
0.2475000000000000 0.5222711627050615
0.2487500000000000 0.5223819082568932
0.2500000000000000 0.5224926945329093
0.2512500000000000 0.5226034399249427
0.2525000000000000 0.5227142241122307
0.2537500000000000 0.5228249696633469
0.2550000000000000 0.5229357514526746
0.2562500000000000 0.5230464974171113
0.2575000000000000 0.5231572765701362
0.2587500000000000 0.5232680231264966
0.2600000000000000 0.5233787994836538
0.2612500000000000 0.5234895467301887
0.2625000000000000 0.5236003202122634
0.2637500000000000 0.5237110681683338
0.2650000000000000 0.5238218387721617
0.2662500000000000 0.5239325873851067
0.2675000000000000 0.5240433551744530
0.2687500000000000 0.5241541043305914
0.2700000000000000 0.5242648694236752
0.2712500000000000 0.5243756189618485
0.2725000000000000 0.5244863815171372
0.2737500000000000 0.5245971312431675
0.2750000000000000 0.5247078914450315
0.2762500000000000 0.5248186411456294
0.2775000000000000 0.5249293991911633
0.2787500000000000 0.5250401486461306
0.2800000000000000 0.5251509047341016
0.2812500000000000 0.5252616537261084
0.2825000000000000 0.5253724080485261
0.2837500000000000 0.5254831563701625
0.2850000000000000 0.5255939091065817
0.2862500000000000 0.5257046565647739
0.2875000000000000 0.5258154078790581
0.2887500000000000 0.5259261542972372
0.2900000000000000 0.5260369043363151
0.2912500000000000 0.5261476495548979
0.2925000000000000 0.5262583984488851
0.2937500000000000 0.5263691423247073
0.2950000000000000 0.5264798901877650
0.2962500000000000 0.5265906325930733
0.2975000000000000 0.5267013795244393
0.2987500000000000 0.5268121203459425
0.3000000000000000 0.5269228664307115
0.3012500000000000 0.5270336055690520
0.3025000000000000 0.5271443508784025
0.3037500000000000 0.5272550882482464
0.3050000000000000 0.5273658328390315
0.3062500000000000 0.5274765683698023
0.3075000000000000 0.5275873122835125
0.3087500000000000 0.5276980459206806
0.3100000000000000 0.5278087891819684
0.3112500000000000 0.5279195208886590
0.3125000000000000 0.5280302635036588
0.3137500000000000 0.5281409932623200
0.3150000000000000 0.5282517352170822
0.3162500000000000 0.5283624630308796
0.3175000000000000 0.5284732042902190
0.3187500000000000 0.5285839301838611
0.3200000000000000 0.5286946706909247
0.3212500000000000 0.5288053947106508
0.3225000000000000 0.5289161343874215
0.3237500000000000 0.5290268565999685
0.3250000000000000 0.5291375953488470
0.3262500000000000 0.5292483158393041
0.3275000000000000 0.5293590535458164
0.3287500000000000 0.5294697724143760
0.3300000000000000 0.5295805089509223
0.3312500000000000 0.5296912263086689
0.3325000000000000 0.5298019615391474
0.3337500000000000 0.5299126775030916
0.3350000000000000 0.5300234112881196
0.3362500000000000 0.5301341259758016
0.3375000000000000 0.5302448581782040
0.3387500000000000 0.5303555717022024
0.3400000000000000 0.5304663021924053
0.3412500000000000 0.5305770146551294
0.3425000000000000 0.5306877433161001
0.3437500000000000 0.5307984548051998
0.3450000000000000 0.5309091815366082
0.3462500000000000 0.5310198921213002
0.3475000000000000 0.5311306168426608
0.3487500000000000 0.5312413265711545
0.3500000000000000 0.5313520492238006
0.3512500000000000 0.5314627581219450
0.3525000000000000 0.5315734786697656
0.3537500000000000 0.5316841867409074
0.3550000000000000 0.5317949051699137
0.3562500000000000 0.5319056123958741
0.3575000000000000 0.5320163287127324
0.3587500000000000 0.5321270350557182
0.3600000000000000 0.5322377492854478
0.3612500000000000 0.5323484546906767
0.3625000000000000 0.5324591668737706
0.3637500000000000 0.5325698712725434
0.3650000000000000 0.5326805814617648
0.3662500000000000 0.5327912847747394
0.3675000000000000 0.5329019930318358
0.3687500000000000 0.5330126951722720
0.3700000000000000 0.5331234015648211
0.3712500000000000 0.5332341024416121
0.3725000000000000 0.5333448070401364
0.3737500000000000 0.5334555065605144
0.3750000000000000 0.5335662094359788
0.3762500000000000 0.5336769075078154
0.3775000000000000 0.5337876087295260
0.3787500000000000 0.5338983052632337
0.3800000000000000 0.5340090048971271
0.3812500000000000 0.5341196998071864
0.3825000000000000 0.5342303979144678
0.3837500000000000 0.5343410911206526
0.3850000000000000 0.5344517877566910
0.3862500000000000 0.5345624791850638
0.3875000000000000 0.5346731743984781
0.3887500000000000 0.5347838639822421
0.3900000000000000 0.5348945578140993
0.3912500000000000 0.5350052454943637
0.3925000000000000 0.5351159379774384
0.3937500000000000 0.5352266237039368
0.3950000000000000 0.5353373148620105
0.3962500000000000 0.5354479985937837
0.3975000000000000 0.5355586884409876
0.3987500000000000 0.5356693701470077
0.4000000000000000 0.5357800586872343
0.4012500000000000 0.5358907383469430
0.4025000000000000 0.5360014255733817
0.4037500000000000 0.5361121031770629
0.4050000000000000 0.5362227890719296
0.4062500000000000 0.5363334646208632
0.4075000000000000 0.5364441491553810
0.4087500000000000 0.5365548226617118
0.4100000000000000 0.5366655057964091
0.4112500000000000 0.5367761772826660
0.4125000000000000 0.5368868589680426
0.4137500000000000 0.5369975284662852
0.4150000000000000 0.5371082086438633
0.4162500000000000 0.5372188761944385
0.4175000000000000 0.5373295547981838
0.4187500000000000 0.5374402204481251
0.4200000000000000 0.5375508974062204
0.4212500000000000 0.5376615612073287
0.4225000000000000 0.5377722364442180
0.4237500000000000 0.5378828984509070
0.4250000000000000 0.5379935718895303
0.4262500000000000 0.5381042321565412
0.4275000000000000 0.5382149037206502
0.4287500000000000 0.5383255623007340
0.4300000000000000 0.5384362319171749
0.4312500000000000 0.5385468888588718
0.4325000000000000 0.5386575564597209
0.4337500000000000 0.5387682118053366
0.4350000000000000 0.5388788773297853
0.4362500000000000 0.5389895311136611
0.4375000000000000 0.5391001945095707
0.4387500000000000 0.5392108467567232
0.4400000000000000 0.5393215079817846
0.4412500000000000 0.5394321587069542
0.4425000000000000 0.5395428177294191
0.4437500000000000 0.5396534669365555
0.4450000000000000 0.5397641237355391
0.4462500000000000 0.5398747714177115
0.4475000000000000 0.5399854259830824
0.4487500000000000 0.5400960721227728
0.4500000000000000 0.5402067244546801
0.4512500000000000 0.5403173690244190
0.4525000000000000 0.5404280191325187
0.4537500000000000 0.5405386620957855
0.4550000000000000 0.5406493099982291
0.4562500000000000 0.5407599513105492
0.4575000000000000 0.5408705970328177
0.4587500000000000 0.5409812366429829
0.4600000000000000 0.5410918802166286
0.4612500000000000 0.5412025180679756
0.4625000000000000 0.5413131595293346
0.4637500000000000 0.5414237955610334
0.4650000000000000 0.5415344349499496
0.4662500000000000 0.5416450690982534
0.4675000000000000 0.5417557064568579
0.4687500000000000 0.5418663386562929
0.4700000000000000 0.5419769740278459
0.4712500000000000 0.5420876042123370
0.4725000000000000 0.5421982376401382
0.4737500000000000 0.5423088657440603
0.4750000000000000 0.5424194972704290
0.4762500000000000 0.5425301232295997
0.4775000000000000 0.5426407528949035
0.4787500000000000 0.5427513766475371
0.4800000000000000 0.5428620044892587
0.4812500000000000 0.5429726259768805
0.4825000000000000 0.5430832520287106
0.4837500000000000 0.5431938711970551
0.4850000000000000 0.5433044954880071
0.4862500000000000 0.5434151122878931
0.4875000000000000 0.5435257348414390
0.4887500000000000 0.5436363492296193
0.4900000000000000 0.5437469700628578
0.4912500000000000 0.5438575820028226
0.4925000000000000 0.5439682011257078
0.4937500000000000 0.5440788105884239
0.4950000000000000 0.5441894280030709
0.4962500000000000 0.5443000349676157
0.4975000000000000 0.5444106506677330
0.4987500000000000 0.5445212551217873
0.5000000000000000 0.5446318690922678
0.5012500000000000 0.5447424710324322
0.5025000000000001 0.5448530832491425
0.5037500000000000 0.5449636826810320
0.5050000000000000 0.5450742931108404
0.5062500000000000 0.5451848900489292
0.5075000000000001 0.5452954986499927
0.5087500000000000 0.5454060931171866
0.5100000000000000 0.5455166998395165
0.5112500000000000 0.5456272918664544
0.5125000000000000 0.5457378966527592
0.5137500000000000 0.5458484862768236
0.5150000000000000 0.5459590890636266
0.5162500000000000 0.5460696763277069
0.5175000000000000 0.5461802770466997
0.5187500000000000 0.5462908619977354
0.5200000000000000 0.5464014605773266
0.5212500000000000 0.5465120432646733
0.5225000000000000 0.5466226396316868
0.5237500000000000 0.5467332201053728
0.5250000000000000 0.5468438141868273
0.5262500000000000 0.5469543924957585
0.5275000000000000 0.5470649842206532
0.5287500000000001 0.5471755604108438
0.5300000000000000 0.5472861497118977
0.5312500000000000 0.5473967238247860
0.5325000000000000 0.5475073106400510
0.5337500000000001 0.5476178827109687
0.5350000000000000 0.5477284669852626
0.5362500000000000 0.5478390370421105
0.5375000000000000 0.5479496187282217
0.5387500000000001 0.5480601867903919
0.5400000000000000 0.5481707658500200
0.5412500000000000 0.5482813319276008
0.5425000000000000 0.5483919083320065
0.5437500000000001 0.5485024724252765
0.5450000000000000 0.5486130461556376
0.5462500000000000 0.5487236082548609
0.5475000000000000 0.5488341793023316
0.5487500000000000 0.5489447393878345
0.5500000000000000 0.5490553077533361
0.5512500000000000 0.5491658657958473
0.5525000000000000 0.5492764314896014
0.5537500000000000 0.5493869874508315
0.5550000000000000 0.5494975504916819
0.5562500000000000 0.5496081043250989
0.5575000000000000 0.5497186647396415
0.5587500000000000 0.5498292163914127
0.5600000000000001 0.5499397742129887
0.5612500000000000 0.5500503236230606
0.5625000000000000 0.5501608788906225
0.5637500000000000 0.5502714259938862
0.5650000000000001 0.5503819787507939
0.5662500000000000 0.5504925234783264
0.5675000000000000 0.5506030737710853
0.5687500000000000 0.5507136160514261
0.5700000000000001 0.5508241639283930
0.5712500000000000 0.5509347036888487
0.5725000000000000 0.5510452491989273
0.5737500000000000 0.5511557863668723
0.5750000000000001 0.5512663295582165
0.5762500000000000 0.5513768640623853
0.5775000000000000 0.5514874049811102
0.5787500000000000 0.5515979367528757
0.5800000000000000 0.5517084754417999
0.5812500000000000 0.5518190044164091
0.5825000000000000 0.5519295409138398
0.5837500000000000 0.5520400670316071
0.5850000000000000 0.5521506013701717
0.5862500000000000 0.5522611245776088
0.5875000000000000 0.5523716567831690
0.5887500000000000 0.5524821770340316
0.5900000000000000 0.5525927071246840
0.5912500000000001 0.5527032243809075
0.5925000000000000 0.5528137523661149
0.5937500000000000 0.5529242665986156
0.5950000000000000 0.5530347924784857
0.5962500000000001 0.5531453036677881
0.5975000000000000 0.5532558274325389
0.5987500000000000 0.5533663355692147
0.6000000000000000 0.5534768571988480
0.6012500000000001 0.5535873622837195
0.6025000000000000 0.5536978817479380
0.6037500000000000 0.5538083837920388
0.6050000000000000 0.5539189010504181
0.6062500000000001 0.5540294000746759
0.6075000000000000 0.5541399150771219
0.6087500000000000 0.5542504111117745
0.6100000000000000 0.5543609237992400
0.6112500000000000 0.5544714168829724
0.6125000000000000 0.5545819271884571
0.6137500000000000 0.5546924173672751
0.6150000000000000 0.5548029252170745
0.6162500000000000 0.5549134125429441
0.6175000000000000 0.5550239178581127
0.6187500000000000 0.5551344023873971
0.6200000000000000 0.5552449050853971
0.6212500000000000 0.5553553868771411
0.6225000000000001 0.5554658868736129
0.6237500000000000 0.5555763659877226
0.6250000000000000 0.5556868631983360
0.6262500000000000 0.5557973396937238
0.6275000000000001 0.5559078340360244
0.6287500000000000 0.5560183079687778
0.6300000000000000 0.5561287993639799
0.6312500000000000 0.5562392707856262
0.6325000000000001 0.5563497591602846
0.6337500000000000 0.5564602281161986
0.6350000000000000 0.5565707134036946
0.6362500000000000 0.5566811799317233
0.6375000000000001 0.5567916620735273
0.6387500000000000 0.5569021262028550
0.6400000000000000 0.5570126051495246
0.6412500000000000 0.5571230668998201
0.6425000000000000 0.5572335426116971
0.6437500000000000 0.5573440019925641
0.6450000000000000 0.5574544744401816
0.6462500000000000 0.5575649314509044
0.6475000000000000 0.5576754006150827
0.6487500000000000 0.5577858552446786
0.6500000000000000 0.5578963211163361
0.6512500000000000 0.5580067733438799
0.6525000000000000 0.5581172359235720
0.6537500000000001 0.5582276857187785
0.6550000000000000 0.5583381450160064
0.6562500000000000 0.5584485923400302
0.6575000000000000 0.5585590483723452
0.6587500000000001 0.5586694931787517
0.6600000000000000 0.5587799459707081
0.6612500000000000 0.5588903882065921
0.6625000000000000 0.5590008377885782
0.6637500000000001 0.5591112773957714
0.6650000000000000 0.5592217238027708
0.6662500000000000 0.5593321607191010
0.6675000000000000 0.5594426039894165
0.6687500000000001 0.5595530381499906
0.6700000000000000 0.5596634783239680
0.6712500000000000 0.5597739096624328
0.6725000000000000 0.5598843467812191
0.6737500000000000 0.5599947752309821
0.6750000000000000 0.5601052093353301
0.6762500000000000 0.5602156348307217
0.6775000000000000 0.5603260659598681
0.6787500000000000 0.5604364884372167
0.6800000000000000 0.5605469166278503
0.6812500000000000 0.5606573360264751
0.6825000000000000 0.5607677613117896
0.6837500000000000 0.5608781775748916
0.6850000000000001 0.5609885999837482
0.6862500000000000 0.5610990130591972
0.6875000000000000 0.5612094326153931
0.6887500000000000 0.5613198424564030
0.6900000000000001 0.5614302591780492
0.6912500000000000 0.5615406657437397
0.6925000000000000 0.5616510796427618
0.6937500000000000 0.5617614828985998
0.6950000000000001 0.5618718939803532
0.6962500000000000 0.5619822938984746
0.6975000000000000 0.5620927021614894
0.6987500000000000 0.5622030987208896
0.7000000000000001 0.5623135041567423
0.7012500000000000 0.5624238973433383
0.7025000000000000 0.5625342999366597
0.7037500000000000 0.5626446897432132
0.7050000000000000 0.5627550894718290
0.7062500000000000 0.5628654758977356
0.7075000000000000 0.5629758727329519
0.7087500000000000 0.5630862557838872
0.7100000000000000 0.5631966496909102
0.7112500000000000 0.5633070293783451
0.7125000000000000 0.5634174203168272
0.7137500000000000 0.5635277966574150
0.7150000000000000 0.5636381845821310
0.7162500000000001 0.5637485575969775
0.7175000000000000 0.5638589424586063
0.7187500000000000 0.5639693121724367
0.7200000000000000 0.5640796939184423
0.7212500000000001 0.5641900603586791
0.7225000000000000 0.5643004389342609
0.7237500000000000 0.5644108021300484
0.7250000000000000 0.5645211774791412
0.7262500000000001 0.5646315374603287
0.7275000000000000 0.5647419095266296
0.7287500000000000 0.5648522663227423
0.7300000000000000 0.5649626350507251
0.7312500000000001 0.5650729886899672
0.7325000000000000 0.5651833540258662
0.7337500000000000 0.5652937045341671
0.7350000000000000 0.5654040664268850
0.7362500000000000 0.5655144138270271
0.7375000000000000 0.5656247722289665
0.7387500000000000 0.5657351165398168
0.7400000000000000 0.5658454714075818
0.7412500000000000 0.5659558126434497
0.7425000000000000 0.5660661639384247
0.7437500000000000 0.5661765021085536
0.7450000000000000 0.5662868497973327
0.7462500000000000 0.5663971849055516
0.7475000000000001 0.5665075289602127
0.7487500000000000 0.5666178610047334
0.7500000000000000 0.5667282014029613
0.7512500000000000 0.5668385303763395
0.7525000000000001 0.5669488671013870
0.7537500000000000 0.5670591929906281
0.7550000000000000 0.5671695260311407
0.7562500000000000 0.5672798488179505
0.7575000000000001 0.5673901781676475
0.7587500000000000 0.5675004978288058
0.7600000000000000 0.5676108234860555
0.7612500000000000 0.5677211399938928
0.7625000000000001 0.5678314619611832
0.7637500000000000 0.5679417752841509
0.7650000000000000 0.5680520935674913
0.7662500000000000 0.5681624036707901
0.7675000000000001 0.5682727182790559
0.7687500000000000 0.5683830251253037
0.7700000000000000 0.5684933360695539
0.7712500000000000 0.5686036396194810
0.7725000000000000 0.5687139469122620
0.7737500000000000 0.5688242471254031
0.7750000000000000 0.5689345507800617
0.7762500000000000 0.5690448476154309
0.7775000000000000 0.5691551476454558
0.7787500000000001 0.5692654410621875
0.7800000000000000 0.5693757374805885
0.7812500000000000 0.5694860274385323
0.7825000000000000 0.5695963202572690
0.7837500000000001 0.5697066067175328
0.7850000000000000 0.5698168959470096
0.7862500000000000 0.5699271788724294
0.7875000000000000 0.5700374645210564
0.7887500000000001 0.5701477438765975
0.7900000000000000 0.5702580259504237
0.7912500000000000 0.5703683017035170
0.7925000000000000 0.5704785802059333
0.7937500000000001 0.5705888523267284
0.7950000000000000 0.5706991272582518
0.7962500000000000 0.5708093957197969
0.7975000000000000 0.5709196670779240
0.7987500000000001 0.5710299318562767
0.8000000000000000 0.5711401996354130
0.8012500000000000 0.5712504607096764
0.8025000000000000 0.5713607249011310
0.8037500000000000 0.5714709822534254
0.8050000000000000 0.5715812428454690
0.8062500000000000 0.5716914964608376
0.8075000000000000 0.5718017534388340
0.8087500000000000 0.5719120033050905
0.8100000000000001 0.5720222566516696
0.8112500000000000 0.5721325027591907
0.8125000000000000 0.5722427524544821
0.8137500000000000 0.5723529947959608
0.8150000000000001 0.5724632408178597
0.8162500000000000 0.5725734793880111
0.8175000000000000 0.5726837217124893
0.8187500000000000 0.5727939565077319
0.8200000000000001 0.5729041951091705
0.8212500000000000 0.5730144261272763
0.8225000000000000 0.5731246609788238
0.8237500000000000 0.5732348882185566
0.8250000000000001 0.5733451192924964
0.8262500000000000 0.5734553427532383
0.8275000000000000 0.5735655700213624
0.8287500000000000 0.5736757897027388
0.8300000000000001 0.5737860131367191
0.8312500000000000 0.5738962290382404
0.8325000000000000 0.5740064486099794
0.8337500000000000 0.5741166607306899
0.8350000000000000 0.5742268764126616
0.8362500000000000 0.5743370847508176
0.8375000000000000 0.5744472965163712
0.8387500000000000 0.5745575010691524
0.8400000000000000 0.5746677088927841
0.8412500000000001 0.5747779096560418
0.8425000000000000 0.5748881135136230
0.8437500000000000 0.5749983104816734
0.8450000000000000 0.5751085103506350
0.8462500000000001 0.5752187035160985
0.8475000000000000 0.5753288993755692
0.8487500000000000 0.5754390887292571
0.8500000000000000 0.5755492805601458
0.8512500000000001 0.5756594660909996
0.8525000000000000 0.5757696538760397
0.8537500000000000 0.5758798355711130
0.8550000000000000 0.5759900192948499
0.8562500000000001 0.5761001971393410
0.8575000000000000 0.5762103767880841
0.8587500000000000 0.5763205507654054
0.8600000000000000 0.5764307263271315
0.8612500000000001 0.5765408964190223
0.8625000000000000 0.5766510678832523
0.8637500000000000 0.5767612340699211
0.8650000000000000 0.5768714014275578
0.8662500000000000 0.5769815636878529
0.8675000000000000 0.5770917269310021
0.8687500000000000 0.5772018852426031
0.8700000000000000 0.5773120443643676
0.8712500000000000 0.5774221987039985
0.8725000000000001 0.5775323536982688
0.8737500000000000 0.5776425040419083
0.8750000000000000 0.5777526549031383
0.8762500000000000 0.5778628012262487
0.8775000000000001 0.5779729479492338
0.8787500000000000 0.5780830902269763
0.8800000000000000 0.5781932328066390
0.8812500000000000 0.5783033710140881
0.8825000000000001 0.5784135094452640
0.8837500000000000 0.5785236435576118
0.8850000000000000 0.5786337778348578
0.8862500000000000 0.5787439078275984
0.8875000000000001 0.5788540379450111
0.8887500000000000 0.5789641637941063
0.8900000000000000 0.5790742897451646
0.8912500000000000 0.5791844114271950
0.8925000000000001 0.5792945332046207
0.8937500000000000 0.5794046506968991
0.8950000000000000 0.5795147682925366
0.8962500000000000 0.5796248815732091
0.8975000000000000 0.5797349949779257
0.8987500000000000 0.5798451040260364
0.9000000000000000 0.5799552132296342
0.9012500000000000 0.5800653180251584
0.9025000000000000 0.5801754230162852
0.9037500000000001 0.5802855235401161
0.9050000000000000 0.5803956243061663
0.9062500000000000 0.5805057205400330
0.9075000000000000 0.5806158170670002
0.9087500000000001 0.5807259089932663
0.9100000000000000 0.5808360012654814
0.9112500000000000 0.5809460888667383
0.9125000000000000 0.5810561768663632
0.9137500000000001 0.5811662601246361
0.9150000000000000 0.5812763438306716
0.9162500000000000 0.5813864227258904
0.9175000000000000 0.5814965021121922
0.9187500000000001 0.5816065766192500
0.9200000000000000 0.5817166516506153
0.9212500000000000 0.5818267217336747
0.9225000000000000 0.5819367923581102
0.9237500000000001 0.5820468579595590
0.9250000000000000 0.5821569240930954
0.9262500000000000 0.5822669851120494
0.9275000000000000 0.5823770466089564
0.9287500000000000 0.5824871028593264
0.9300000000000000 0.5825971594537741
0.9312500000000000 0.5827072105824036
0.9325000000000000 0.5828172617742829
0.9337500000000000 0.5829273071009768
0.9350000000000001 0.5830373519324981
0.9362500000000000 0.5831473901372928
0.9375000000000000 0.5832574267559292
0.9387500000000000 0.5833674552675379
0.9400000000000001 0.5834774800709954
0.9412500000000000 0.5835874938706198
0.9425000000000000 0.5836974998340043
0.9437500000000000 0.5838074891151814
0.9450000000000001 0.5839174625178895
0.9462500000000000 0.5840274081076959
0.9475000000000000 0.5841373221284777
0.9487500000000000 0.5842471865273204
0.9500000000000001 0.5843569887095480
0.9512500000000000 0.5844666985549379
0.9525000000000000 0.5845762862731201
0.9537500000000000 0.5846856980157553
0.9550000000000001 0.5847948704537881
0.9562500000000000 0.5849037031705008
0.9575000000000000 0.5850120673207728
0.9587500000000000 0.5851197711999788
0.9600000000000000 0.5852265578701806
0.9612500000000000 0.5853320568134516
0.9625000000000000 0.5854357605701801
0.9637500000000000 0.5855369486047614
0.9650000000000000 0.5856346235837354
0.9662500000000001 0.5857273804566103
0.9675000000000000 0.5858132648286546
0.9687500000000000 0.5858895351236266
0.9700000000000000 0.5859523710012091
0.9712500000000001 0.5859964294105364
0.9725000000000000 0.5860142676410665
0.9737500000000000 0.5859955101685931
0.9750000000000000 0.5859257428012120
0.9762500000000001 0.5857849736348804
0.9775000000000000 0.5855456015466536
0.9787500000000000 0.5851697031695579
0.9800000000000000 0.5846055827160854
0.9812500000000001 0.5837834879987240
0.9825000000000000 0.5826106994406653
0.9837500000000000 0.5809664697980529
0.9850000000000000 0.5786980787695643
0.9862500000000001 0.5756201658635662
0.9875000000000000 0.5715208239926487
0.9887500000000000 0.5661786692100055
0.9900000000000000 0.5593945444634932
0.9912500000000001 0.5510377320461554
0.9925000000000000 0.5410993769672267
0.9937500000000000 0.5297369307113462
0.9950000000000000 0.5172889633011756
0.9962500000000000 0.5042453904885346
0.9975000000000001 0.4911751386198646
0.9987500000000000 0.4786324289841973
1.0000000000000000 0.4670723792668332
1.0012500000000000 0.4567999794087719
1.0024999999999999 0.4479599657725020
1.0037499999999999 0.4405590808752735
1.0050000000000001 0.4345050444238376
1.0062500000000001 0.4296475177773919
1.0075000000000001 0.4258122067825699
1.0087500000000000 0.4228246823704986
1.0100000000000000 0.4205246186825053
1.0112500000000000 0.4187725021910319
1.0125000000000000 0.4174514871440460
1.0137499999999999 0.4164662785918512
1.0150000000000001 0.4157407086059347
1.0162500000000001 0.4152147268764658
1.0175000000000001 0.4148415351386614
1.0187500000000000 0.4145849092190289
1.0200000000000000 0.4144170178664903
1.0212500000000000 0.4143165308245442
1.0225000000000000 0.4142671961408315
1.0237499999999999 0.4142566206542310
1.0249999999999999 0.4142754119097820
1.0262500000000001 0.4143164216247229
1.0275000000000001 0.4143742541477167
1.0287500000000001 0.4144448017931545
1.0300000000000000 0.4145249763472979
1.0312500000000000 0.4146124210162438
1.0325000000000000 0.4147053728482306
1.0337499999999999 0.4148024796392750
1.0349999999999999 0.4149027373634084
1.0362500000000001 0.4150053691663264
1.0375000000000001 0.4151098048792436
1.0387500000000001 0.4152155969273396
1.0400000000000000 0.4153224228864394
1.0412500000000000 0.4154300236346898
1.0425000000000000 0.4155382180880015
1.0437500000000000 0.4156468550413699
1.0449999999999999 0.4157558339685046
1.0462500000000001 0.4158650655295493
1.0475000000000001 0.4159744950561443
1.0487500000000001 0.4160840687314480
1.0500000000000000 0.4161937579475357
1.0512500000000000 0.4163035293309174
1.0525000000000000 0.4164133690481533
1.0537500000000000 0.4165232555260457
1.0549999999999999 0.4166331832795191
1.0562499999999999 0.4167431375730438
1.0575000000000001 0.4168531176172791
1.0587500000000001 0.4169631126581398
1.0600000000000001 0.4170731245309070
1.0612500000000000 0.4171831448140067
1.0625000000000000 0.4172931767968124
1.0637500000000000 0.4174032134347642
1.0649999999999999 0.4175132588125302
1.0662499999999999 0.4176233067065316
1.0675000000000001 0.4177333616278107
1.0687500000000001 0.4178434178487393
1.0700000000000001 0.4179534801013229
1.0712500000000000 0.4180635429630596
1.0725000000000000 0.4181736112732477
1.0737500000000000 0.4182836798020481
1.0750000000000000 0.4183937534335560
1.0762499999999999 0.4185038270640938
1.0775000000000001 0.4186139055884407
1.0787500000000001 0.4187239839896169
1.0800000000000001 0.4188340671546736
1.0812500000000000 0.4189441501297465
1.0825000000000000 0.4190542377844741
1.0837500000000000 0.4191643252137713
1.0850000000000000 0.4192744172651349
1.0862499999999999 0.4193845090731725
1.0875000000000001 0.4194946054614744
1.0887500000000001 0.4196047015980728
1.0900000000000001 0.4197148022828329
1.0912500000000001 0.4198249027122652
1.0925000000000000 0.4199350076641433
1.0937500000000000 0.4200451123588895
1.0950000000000000 0.4201552215550677
1.0962499999999999 0.4202653304922127
1.0974999999999999 0.4203754439137661
1.0987500000000001 0.4204855570729138
1.1000000000000001 0.4205956747033187
1.1012500000000001 0.4207057920653706
1.1025000000000000 0.4208159138896752
1.1037500000000000 0.4209260354361002
1.1050000000000000 0.4210361614404821
1.1062500000000000 0.4211462871528606
1.1074999999999999 0.4212564173244103
1.1087500000000001 0.4213665471841258
1.1100000000000001 0.4214766815107763
1.1112500000000001 0.4215868154987827
1.1125000000000000 0.4216969539693295
1.1137500000000000 0.4218070920659468
1.1150000000000000 0.4219172346701373
1.1162500000000000 0.4220273768548501
1.1174999999999999 0.4221375235835240
1.1187500000000001 0.4222476698347692
1.1200000000000001 0.4223578206800487
1.1212500000000001 0.4224679709749745
1.1225000000000001 0.4225781259304959
1.1237500000000000 0.4226882802446894
1.1250000000000000 0.4227984393058870
1.1262500000000000 0.4229085976130563
1.1274999999999999 0.4230187607774936
1.1287499999999999 0.4231289230491051
1.1300000000000001 0.4232390903168612
1.1312500000000001 0.4233492565217192
1.1325000000000001 0.4234594278958357
1.1337500000000000 0.4235695979996040
1.1350000000000000 0.4236797734865937
1.1362500000000000 0.4237899474512490
1.1375000000000000 0.4239001270616774
1.1387499999999999 0.4240103048448914
1.1400000000000001 0.4241204885940306
1.1412500000000001 0.4242306701484770
1.1425000000000001 0.4243408580570395
1.1437500000000000 0.4244510433296163
1.1450000000000000 0.4245612354245736
1.1462500000000000 0.4246714243555423
1.1475000000000000 0.4247816206710309
1.1487499999999999 0.4248918131930641
1.1500000000000001 0.4250020137713790
1.1512500000000001 0.4251122098085241
1.1525000000000001 0.4252224147012042
1.1537500000000001 0.4253326141677486
1.1550000000000000 0.4254428234367524
1.1562500000000000 0.4255530262360085
1.1575000000000000 0.4256632399549721
1.1587499999999999 0.4257734459779744
1.1599999999999999 0.4258836642335520
1.1612500000000001 0.4259938733576825
1.1625000000000001 0.4261040962509570
1.1637500000000001 0.4262143083385010
1.1650000000000000 0.4263245359864525
1.1662500000000000 0.4264347508831082
1.1675000000000000 0.4265449834201255
1.1687500000000000 0.4266552009534768
1.1699999999999999 0.4267654385328908
1.1712500000000001 0.4268756585108705
1.1725000000000001 0.4269859013064896
1.1737500000000001 0.4270961235158565
1.1750000000000000 0.4272063717234678
1.1762500000000000 0.4273165959283296
1.1775000000000000 0.4274268497671438
1.1787500000000000 0.4275370757075558
1.1799999999999999 0.4276473354215529
1.1812500000000001 0.4277575628122369
1.1825000000000001 0.4278678286713740
1.1837500000000001 0.4279780572005933
1.1850000000000001 0.4280883295018333
1.1862500000000000 0.4281985588304709
1.1875000000000000 0.4283088378985853
1.1887500000000000 0.4284190676594745
1.1899999999999999 0.4285293538475679
1.1912499999999999 0.4286395836451208
1.1925000000000001 0.4287498773348336
1.1937500000000001 0.4288601067450227
1.1950000000000001 0.4289704083463554
1.1962500000000000 0.4290806369170934
1.1975000000000000 0.4291909468678060
1.1987500000000000 0.4293011741197792
1.2000000000000000 0.4294114928843169
1.2012499999999999 0.4295217183123115
1.2025000000000001 0.4296320463802137
1.2037500000000001 0.4297422694549790
1.2050000000000001 0.4298526073387331
1.2062500000000000 0.4299628275094211
1.2075000000000000 0.4300731757417249
1.2087500000000000 0.4301833924389272
1.2100000000000000 0.4302937515693447
1.2112499999999999 0.4304039642087515
1.2125000000000001 0.4305143347997393
1.2137500000000001 0.4306245427864248
1.2150000000000001 0.4307349254087328
1.2162500000000001 0.4308451281420648
1.2175000000000000 0.4309555233695216
1.2187500000000000 0.4310657202486769
1.2200000000000000 0.4311761286523811
1.2212499999999999 0.4312863190824343
1.2224999999999999 0.4313967412243951
1.2237500000000001 0.4315069246229362
1.2250000000000001 0.4316173610492145
1.2262500000000001 0.4317275368534294
1.2275000000000000 0.4318379880868542
1.2287500000000000 0.4319481557609908
1.2300000000000000 0.4320586222935320
1.2312500000000000 0.4321687813366600
1.2324999999999999 0.4322792636215643
1.2337500000000001 0.4323894135755177
1.2350000000000001 0.4324999120193143
1.2362500000000001 0.4326100524767019
1.2375000000000000 0.4327205674312120
1.2387500000000000 0.4328306980433539
1.2400000000000000 0.4329412297978373
1.2412500000000000 0.4330513502824991
1.2424999999999999 0.4331618990560797
1.2437500000000001 0.4332720092048492
1.2450000000000001 0.4333825751393706
1.2462500000000001 0.4334926748245298
1.2475000000000001 0.4336032579779925
1.2487500000000000 0.4337133471587367
1.2500000000000000 0.4338239474994582
1.2512500000000000 0.4339340262273171
1.2524999999999999 0.4340446436289628
1.2537499999999999 0.4341547120522865
1.2550000000000001 0.4342653462899004
1.2562500000000001 0.4343754046572795
1.2575000000000001 0.4344860554044368
1.2587500000000000 0.4345961040669523
1.2600000000000000 0.4347067708941345
1.2612500000000000 0.4348168103063357
1.2625000000000000 0.4349274926806128
1.2637499999999999 0.4350375234001591
1.2650000000000001 0.4351482206862402
1.2662500000000001 0.4352582433721501
1.2675000000000001 0.4353689548348368
1.2687500000000000 0.4354789702443280
1.2700000000000000 0.4355896950523827
1.2712500000000000 0.4356997040363003
1.2725000000000000 0.4358104412677106
1.2737499999999999 0.4359204447645850
1.2750000000000001 0.4360311934131719
1.2762500000000001 0.4361411924419593
1.2775000000000001 0.4362519514252596
1.2787500000000001 0.4363619470768628
1.2800000000000000 0.4364727152451843
1.2812500000000000 0.4365827086728566
1.2825000000000000 0.4366934848193726
1.2837499999999999 0.4368034772281603
1.2849999999999999 0.4369142600998981
1.2862500000000001 0.4370242527352642
1.2875000000000001 0.4371350410448155
1.2887500000000001 0.4372450351806388
1.2900000000000000 0.4373558276184107
1.2912500000000000 0.4374658245445395
1.2925000000000000 0.4375766197913405
1.2937500000000000 0.4376866208009131
1.2949999999999999 0.4377974175406765
1.2962500000000001 0.4379074239174060
1.2975000000000001 0.4380182208498432
1.2987500000000001 0.4381282338554788
1.3000000000000000 0.4382390297084518
1.3012500000000000 0.4383490505706202
1.3025000000000000 0.4384598441120401
1.3037500000000000 0.4385698740126531
1.3049999999999999 0.4386806640617160
1.3062500000000001 0.4387907041261347
1.3075000000000001 0.4389014895637186
1.3087500000000001 0.4390115408508297
1.3100000000000001 0.4391223206289055
1.3112500000000000 0.4392323841222579
1.3125000000000000 0.4393431572721781
1.3137500000000000 0.4394532338722938
1.3149999999999999 0.4395639995118529
1.3162499999999999 0.4396740900298132
1.3175000000000001 0.4397848473690016
1.3187500000000001 0.4398949525213660
1.3200000000000001 0.4400057008667639
1.3212500000000000 0.4401158212718686
1.3225000000000000 0.4402265600296541
1.3237500000000000 0.4403366962052944
1.3250000000000000 0.4404474248828721
1.3262499999999999 0.4405575772453577
1.3275000000000001 0.4406682954516293
1.3287500000000001 0.4407784643161685
1.3300000000000001 0.4408891717605092
1.3312500000000000 0.4409993573428583
1.3325000000000000 0.4411100538328636
1.3337500000000000 0.4412202562521543
1.3350000000000000 0.4413309416902629
1.3362499999999999 0.4414411609729029
1.3375000000000001 0.4415518353520032
1.3387500000000001 0.4416620714365293
1.3400000000000001 0.4417727348346762
1.3412500000000001 0.4418829875774344
1.3425000000000000 0.4419936401518120
1.3437500000000000 0.4421039093333162
1.3450000000000000 0.4422145513135894
1.3462499999999999 0.4423248366454220
1.3474999999999999 0.4424354683266197
1.3487500000000001 0.4425457694587300
1.3500000000000001 0.4426563911938027
1.3512500000000001 0.4427667077220546
1.3525000000000000 0.4428773199142536
1.3537500000000000 0.4429876513880915
1.3550000000000000 0.4430982544832919
1.3562500000000000 0.4432086004133919
1.3574999999999999 0.4433191948924958
1.3587500000000001 0.4434295547582833
1.3600000000000001 0.4435401411298080
1.3612500000000001 0.4436505143867351
1.3625000000000000 0.4437610931796930
1.3637500000000000 0.4438714792661826
1.3650000000000000 0.4439820510233342
1.3662500000000000 0.4440924493673090
1.3674999999999999 0.4442030146388664
1.3687500000000001 0.4443134246638005
1.3700000000000001 0.4444239840016337
1.3712500000000001 0.4445344051320749
1.3725000000000001 0.4446449590844691
1.3737500000000000 0.4447553907509967
1.3750000000000000 0.4448659398579854
1.3762500000000000 0.4449763815015808
1.3774999999999999 0.4450869262908716
1.3787499999999999 0.4451973773666952
1.3800000000000001 0.4453079183501897
1.3812500000000001 0.4454183783307669
1.3825000000000001 0.4455289160016657
1.3837500000000000 0.4456393843794951
1.3850000000000000 0.4457499192099684
1.3862500000000000 0.4458603954995786
1.3875000000000000 0.4459709279389748
1.3887499999999999 0.4460814116784584
1.3900000000000001 0.4461919421520171
1.3912500000000001 0.4463024329040807
1.3925000000000001 0.4464129618121083
1.3937500000000000 0.4465234591646825
1.3950000000000000 0.4466339868821457
1.3962500000000000 0.4467444904485987
1.3975000000000000 0.4468550173250916
1.3987499999999999 0.4469655267440931
1.4000000000000001 0.4470760531041271
1.4012500000000001 0.4471865680392151
1.4025000000000001 0.4472970941827870
1.4037500000000001 0.4474076143216782
1.4050000000000000 0.4475181405250669
1.4062500000000000 0.4476286655787630
1.4075000000000000 0.4477391920955087
1.4087499999999999 0.4478497217972394
1.4099999999999999 0.4479602488592693
1.4112500000000001 0.4480707829633117
1.4125000000000001 0.4481813107821633
1.4137500000000001 0.4482918490625815
1.4150000000000000 0.4484023778306941
1.4162500000000000 0.4485129200800241
1.4175000000000000 0.4486234499720662
1.4187500000000000 0.4487339959999857
1.4199999999999999 0.4488445271741838
1.4212500000000001 0.4489550768061856
1.4225000000000001 0.4490656094056416
1.4237500000000001 0.4491761624817346
1.4250000000000000 0.4492866966357008
1.4262500000000000 0.4493972530091596
1.4275000000000000 0.4495077888342622
1.4287500000000000 0.4496183483704359
1.4299999999999999 0.4497288859718299
1.4312500000000001 0.4498394485470221
1.4325000000000001 0.4499499880194721
1.4337500000000001 0.4500605535199032
1.4350000000000001 0.4501710949487800
1.4362500000000000 0.4502816632696309
1.4375000000000000 0.4503922067318252
1.4387500000000000 0.4505027777763666
1.4399999999999999 0.4506133233411145
1.4412499999999999 0.4507238970199247
1.4425000000000001 0.4508344447495494
1.4437500000000001 0.4509450209798143
1.4450000000000001 0.4510555709303831
1.4462500000000000 0.4511661496352782
1.4475000000000000 0.4512767018571828
1.4487500000000000 0.4513872829653306
1.4500000000000000 0.4514978375037931
1.4512499999999999 0.4516084209487921
1.4525000000000001 0.4517189778443015
1.4537500000000001 0.4518295635643207
1.4550000000000001 0.4519401228530098
1.4562500000000000 0.4520507107904408
1.4575000000000000 0.4521612725044049
1.4587500000000000 0.4522718626055657
1.4600000000000000 0.4523824267731392
1.4612499999999999 0.4524930189880217
1.4625000000000001 0.4526035856340058
1.4637500000000001 0.4527141799160659
1.4650000000000001 0.4528247490619247
1.4662500000000001 0.4529353453678998
1.4675000000000000 0.4530459170319271
1.4687500000000000 0.4531565153216823
1.4700000000000000 0.4532670895191453
1.4712499999999999 0.4533776897555407
1.4724999999999999 0.4534882664988015
1.4737500000000001 0.4535988686475776
1.4750000000000001 0.4537094479462037
1.4762500000000001 0.4538200519758753
1.4775000000000000 0.4539306338367390
1.4787500000000000 0.4540412397184986
1.4800000000000000 0.4541518241458720
1.4812500000000000 0.4542624318534989
1.4824999999999999 0.4543730188491447
1.4837500000000001 0.4544836283589107
1.4850000000000001 0.4545942179221740
1.4862500000000001 0.4547048292127546
1.4875000000000000 0.4548154213406538
1.4887500000000000 0.4549260343930325
1.4900000000000000 0.4550366290803575
1.4912500000000000 0.4551472438777289
1.4924999999999999 0.4552578411171371
1.4937500000000001 0.4553684576448050
1.4950000000000001 0.4554790574269278
1.4962500000000001 0.4555896756721978
1.4975000000000001 0.4557002779857502
1.4987500000000000 0.4558108979378188
1.5000000000000000 0.4559215027697102
1.5012500000000000 0.4560321244195492
1.5024999999999999 0.4561427317550028
1.5037500000000001 0.4562533550952391
1.5050000000000001 0.4563639649179145
1.5062500000000001 0.4564745899427045
1.5075000000000001 0.4565852022348230
1.5087500000000000 0.4566958289397270
1.5100000000000000 0.4568064436821997
1.5112500000000000 0.4569170720640507
1.5125000000000000 0.4570276892366097
1.5137499999999999 0.4571383192933837
1.5150000000000001 0.4572489388747112
1.5162500000000001 0.4573595706053954
1.5175000000000001 0.4574701925732573
1.5187500000000000 0.4575808259777202
1.5200000000000000 0.4576914503090911
1.5212500000000000 0.4578020853879549
1.5225000000000000 0.4579127120591491
1.5237499999999999 0.4580233488136622
1.5250000000000001 0.4581339778004551
1.5262500000000001 0.4582446162323714
1.5275000000000001 0.4583552475101199
1.5287500000000001 0.4584658876215832
1.5300000000000000 0.4585765211653372
1.5312500000000000 0.4586871629587684
1.5325000000000000 0.4587977987433818
1.5337499999999999 0.4589084422213751
1.5350000000000001 0.4590190802216042
1.5362500000000001 0.4591297253868287
1.5375000000000001 0.4592403655774289
1.5387500000000001 0.4593510124325377
1.5400000000000000 0.4594616547883484
1.5412500000000000 0.4595723033358952
1.5425000000000000 0.4596829478319224
1.5437500000000000 0.4597935980742833
1.5449999999999999 0.4599042446857702
1.5462500000000001 0.4600148966250777
1.5475000000000001 0.4601255453275702
1.5487500000000001 0.4602361989656498
1.5500000000000000 0.4603468497350526
1.5512500000000000 0.4604575050733712
1.5525000000000000 0.4605681578859982
1.5537500000000000 0.4606788149256175
1.5549999999999999 0.4607894697582325
1.5562500000000001 0.4609001284997708
1.5575000000000001 0.4610107853296223
1.5587500000000001 0.4611214457732256
1.5600000000000001 0.4612321045780733
1.5612500000000000 0.4613427667233889
1.5625000000000000 0.4614534274815245
1.5637500000000000 0.4615640913276853
1.5649999999999999 0.4616747540179466
1.5662500000000001 0.4617854195635587
1.5675000000000001 0.4618960841653380
1.5687500000000001 0.4620067514084762
1.5700000000000001 0.4621174179017233
1.5712500000000000 0.4622280868399292
1.5725000000000000 0.4623387552051489
1.5737500000000000 0.4624494258354349
1.5750000000000000 0.4625600960536837
1.5762499999999999 0.4626707683725388
1.5775000000000001 0.4627814404254147
1.5787500000000001 0.4628921144288164
1.5800000000000001 0.4630027882984467
1.5812500000000000 0.4631134639818736
1.5825000000000000 0.4632241396509000
1.5837500000000000 0.4633348170093478
1.5850000000000000 0.4634454944609091
1.5862499999999999 0.4635561734889105
1.5875000000000001 0.4636668527066226
1.5887500000000001 0.4637775333982669
1.5900000000000001 0.4638882143662001
1.5912500000000001 0.4639988967151555
1.5925000000000000 0.4641095794178128
1.5937500000000000 0.4642202634173499
1.5950000000000000 0.4643309478396438
1.5962499999999999 0.4644416334826597
1.5975000000000001 0.4645523196098855
1.5987500000000001 0.4646630068889270
1.6000000000000001 0.4647736947067413
1.6012500000000001 0.4648843836140298
1.6025000000000000 0.4649950731084252
1.6037500000000000 0.4651057636358795
1.6050000000000000 0.4652164547931614
1.6062500000000000 0.4653271469324218
1.6074999999999999 0.4654378397391839
1.6087500000000001 0.4655485334816354
1.6100000000000001 0.4656592279247390
1.6112500000000001 0.4657699232615303
1.6125000000000000 0.4658806193280829
1.6137500000000000 0.4659913162501506
1.6150000000000000 0.4661020139274833
1.6162500000000000 0.4662127124255706
1.6174999999999999 0.4663234117012196
1.6187500000000001 0.4664341117658956
1.6200000000000001 0.4665448126275831
1.6212500000000001 0.4666555142492620
1.6225000000000001 0.4667662166848766
1.6237500000000000 0.4668769198538339
1.6250000000000000 0.4669876238514166
1.6262500000000000 0.4670983285578054
1.6274999999999999 0.4672090341055335
1.6287500000000001 0.4673197403393973
1.6300000000000001 0.4674304474255702
1.6312500000000001 0.4675411551768582
1.6325000000000001 0.4676518637898845
1.6337500000000000 0.4677625730484616
1.6350000000000000 0.4678732831768489
1.6362500000000000 0.4679839939325086
1.6375000000000000 0.4680947055648505
1.6387499999999999 0.4682054178073237
1.6400000000000001 0.4683161309322906
1.6412500000000001 0.4684268446512582
1.6425000000000001 0.4685375592575861
1.6437500000000000 0.4686482744426859
1.6450000000000000 0.4687589905191697
1.6462500000000000 0.4688697071600044
1.6475000000000000 0.4689804246954887
1.6487499999999999 0.4690911427816358
1.6500000000000001 0.4692018617650077
1.6512500000000001 0.4693125812860219
1.6525000000000001 0.4694233017062067
1.6537500000000001 0.4695340226516282
1.6550000000000000 0.4696447444975838
1.6562500000000000 0.4697554668569399
1.6575000000000000 0.4698661901176524
1.6587499999999999 0.4699769138804633
1.6600000000000001 0.4700876385449446
1.6612500000000001 0.4701983637007255
1.6625000000000001 0.4703090897580074
1.6637500000000001 0.4704198162962723
1.6650000000000000 0.4705305437354076
1.6662500000000000 0.4706412716456701
1.6675000000000000 0.4707520004557266
1.6687500000000000 0.4708627297275044
1.6699999999999999 0.4709734598975638
1.6712500000000001 0.4710841905203794
1.6725000000000001 0.4711949220395368
1.6737500000000001 0.4713056540029173
1.6750000000000000 0.4714163868602790
1.6762500000000000 0.4715271201537599
1.6775000000000000 0.4716378543384424
1.6787500000000000 0.4717485889515646
1.6799999999999999 0.4718593244526956
1.6812500000000001 0.4719700603750077
1.6825000000000001 0.4720807971817250
1.6837500000000001 0.4721915344027824
1.6850000000000001 0.4723022725042343
1.6862500000000000 0.4724130110135996
1.6875000000000000 0.4725237503989443
1.6887500000000000 0.4726344901861855
1.6899999999999999 0.4727452308445922
1.6912500000000001 0.4728559718992845
1.6925000000000001 0.4729667138199336
1.6937500000000001 0.4730774561316566
1.6950000000000001 0.4731881993037391
1.6962500000000000 0.4732989428620796
1.6975000000000000 0.4734096872747963
1.6987500000000000 0.4735204320693456
1.7000000000000000 0.4736311777119108
1.7012499999999999 0.4737419237322639
1.7025000000000001 0.4738526705939030
1.7037500000000001 0.4739634178296587
1.7050000000000001 0.4740741658996104
1.7062500000000000 0.4741849143403708
1.7075000000000000 0.4742956636078869
1.7087500000000000 0.4744064132432554
1.7100000000000000 0.4745171636976026
1.7112499999999999 0.4746279145171842
1.7125000000000001 0.4747386661476412
1.7137500000000001 0.4748494181410436
1.7150000000000001 0.4749601709369053
1.7162500000000001 0.4750709240937354
1.7175000000000000 0.4751816780443103
1.7187500000000000 0.4752924323541762
1.7200000000000000 0.4754031874487892
1.7212499999999999 0.4755139429012970
1.7225000000000001 0.4756246991292890
1.7237500000000001 0.4757354557140433
1.7250000000000001 0.4758462130647727
1.7262500000000001 0.4759569707713752
1.7275000000000000 0.4760677292342179
1.7287500000000000 0.4761784880522675
1.7300000000000000 0.4762892476166173
1.7312500000000000 0.4764000075357092
1.7324999999999999 0.4765107681909772
1.7337500000000001 0.4766215292007036
1.7350000000000001 0.4767322909363181
1.7362500000000001 0.4768430530262693
1.7375000000000000 0.4769538158316752
1.7387500000000000 0.4770645789914371
1.7400000000000000 0.4771753428560969
1.7412500000000000 0.4772861070752538
1.7424999999999999 0.4773968719886463
1.7437500000000001 0.4775076372567788
1.7450000000000001 0.4776184032083997
1.7462500000000001 0.4777291695150847
1.7475000000000001 0.4778399364944476
1.7487500000000000 0.4779507038292575
1.7500000000000000 0.4780614718258934
1.7512500000000000 0.4781722401783979
1.7524999999999999 0.4782830091818541
1.7537500000000001 0.4783937785416182
1.7550000000000001 0.4785045485414592
1.7562500000000001 0.4786153188980446
1.7575000000000001 0.4787260898838510
1.7587500000000000 0.4788368612268175
1.7600000000000000 0.4789476331881844
1.7612500000000000 0.4790584055070896
1.7625000000000000 0.4791691784336265
1.7637499999999999 0.4792799517180265
1.7650000000000001 0.4793907255993564
1.7662500000000001 0.4795014998388071
1.7675000000000001 0.4796122746645661
1.7687500000000000 0.4797230498486226
1.7700000000000000 0.4798338256084589
1.7712500000000000 0.4799446017266763
1.7725000000000000 0.4800553784102503
1.7737499999999999 0.4801661554521842
1.7750000000000001 0.4802769330491675
1.7762500000000001 0.4803877110043748
1.7775000000000001 0.4804984895044497
1.7787500000000001 0.4806092683624885
1.7800000000000000 0.4807200477553462
1.7812500000000000 0.4808308275057774
1.7825000000000000 0.4809416077811193
1.7837499999999999 0.4810523884135058
1.7850000000000001 0.4811631695610408
1.7862500000000001 0.4812739510649492
1.7875000000000001 0.4813847330743952
1.7887500000000001 0.4814955154393949
1.7900000000000000 0.4816062983004772
1.7912500000000000 0.4817170815161412
1.7925000000000000 0.4818278652185926
1.7937500000000000 0.4819386492744979
1.7949999999999999 0.4820494338080571
1.7962500000000001 0.4821602186937856
1.7975000000000001 0.4822710040481979
1.7987500000000001 0.4823817897533363
1.8000000000000000 0.4824925759183523
1.8012500000000000 0.4826033624324921
1.8025000000000000 0.4827141493978676
1.8037500000000000 0.4828249367106066
1.8049999999999999 0.4829357244661017
1.8062500000000001 0.4830465125670424
1.8075000000000001 0.4831573011024231
1.8087500000000001 0.4832680899811737
1.8100000000000001 0.4833788792862090
1.8112500000000000 0.4834896689323844
1.8125000000000000 0.4836004589968477
1.8137500000000000 0.4837112494000686
1.8149999999999999 0.4838220402137352
1.8162500000000001 0.4839328313636308
1.8175000000000001 0.4840436229162790
1.8187500000000001 0.4841544148024851
1.8200000000000001 0.4842652070838950
1.8212500000000000 0.4843759996960545
1.8225000000000000 0.4844867926960089
1.8237500000000000 0.4845975860237722
1.8250000000000000 0.4847083797320551
1.8262499999999999 0.4848191737650794
1.8275000000000001 0.4849299681714791
1.8287500000000001 0.4850407628994270
1.8300000000000001 0.4851515579937339
1.8312500000000000 0.4852623534062743
1.8325000000000000 0.4853731491782825
1.8337500000000000 0.4854839452650892
1.8350000000000000 0.4855947417045964
1.8362499999999999 0.4857055384553490
1.8375000000000001 0.4858163355521538
1.8387500000000001 0.4859271329565409
1.8400000000000001 0.4860379307004434
1.8412500000000001 0.4861487287481591
1.8425000000000000 0.4862595271289599
1.8437500000000000 0.4863703258097078
1.8450000000000000 0.4864811248172073
1.8462499999999999 0.4865919241206985
1.8475000000000001 0.4867027237446973
1.8487500000000001 0.4868135236606502
1.8500000000000001 0.4869243238909505
1.8512500000000001 0.4870351244090901
1.8525000000000000 0.4871459252354957
1.8537500000000000 0.4872567263455524
1.8550000000000000 0.4873675277578681
1.8562500000000000 0.4874783294495794
1.8574999999999999 0.4875891314376127
1.8587500000000001 0.4876999337007199
1.8600000000000001 0.4878107362542806
1.8612500000000001 0.4879215390785307
1.8625000000000000 0.4880323421874306
1.8637500000000000 0.4881431455625757
1.8650000000000000 0.4882539492166286
1.8662500000000000 0.4883647531324261
1.8674999999999999 0.4884755573214463
1.8687500000000001 0.4885863617676611
1.8700000000000001 0.4886971664814628
1.8712500000000001 0.4888079714478660
1.8725000000000001 0.4889187766762644
1.8737500000000000 0.4890295821526331
1.8750000000000000 0.4891403878854435
1.8762500000000000 0.4892511938615600
1.8774999999999999 0.4893620000885998
1.8787500000000001 0.4894728065542520
1.8800000000000001 0.4895836132653402
1.8812500000000001 0.4896944202103188
1.8825000000000001 0.4898052273952768
1.8837500000000000 0.4899160348093767
1.8850000000000000 0.4900268424580292
1.8862500000000000 0.4901376503310483
1.8875000000000000 0.4902484584332219
1.8887499999999999 0.4903592667549624
1.8900000000000001 0.4904700753004859
1.8912500000000001 0.4905808840607531
1.8925000000000001 0.4906916930394566
1.8937500000000000 0.4908025022280615
1.8950000000000000 0.4909133116297760
1.8962500000000000 0.4910241212365324
1.8975000000000000 0.4911349310510912
1.8987499999999999 0.4912457410658177
1.9000000000000001 0.4913565512830558
1.9012500000000001 0.4914673616955727
1.9025000000000001 0.4915781723053271
1.9037500000000001 0.4916889831054586
1.9050000000000000 0.4917997940975693
1.9062500000000000 0.4919106052751414
1.9075000000000000 0.4920214166394508
1.9087499999999999 0.4921322281842917
1.9100000000000001 0.4922430399106446
1.9112500000000001 0.4923538518125851
1.9125000000000001 0.4924646638908285
1.9137500000000001 0.4925754761397024
1.9150000000000000 0.4926862885596852
1.9162500000000000 0.4927971011453285
1.9175000000000000 0.4929079138969006
1.9187500000000000 0.4930187268091537
1.9199999999999999 0.4931295398821661
1.9212500000000001 0.4932403531108700
1.9225000000000001 0.4933511664951771
1.9237500000000001 0.4934619800301766
1.9250000000000000 0.4935727937156329
1.9262500000000000 0.4936836075467748
1.9275000000000000 0.4937944215232365
1.9287500000000000 0.4939052356403700
1.9299999999999999 0.4940160498976952
1.9312500000000001 0.4941268642906722
1.9325000000000001 0.4942376788187196
1.9337500000000001 0.4943484934773947
1.9350000000000001 0.4944593082660231
1.9362500000000000 0.4945701231802548
1.9375000000000000 0.4946809382193234
1.9387500000000000 0.4947917533789722
1.9399999999999999 0.4949025686583413
1.9412500000000001 0.4950133840532700
1.9425000000000001 0.4951241995628016
1.9437500000000001 0.4952350151828749
1.9450000000000001 0.4953458309124319
1.9462500000000000 0.4954566467475143
1.9475000000000000 0.4955674626869636
1.9487500000000000 0.4956782787269200
1.9500000000000000 0.4957890948661307
1.9512500000000002 0.4958999111008266
1.9525000000000001 0.4960107274296694
1.9537500000000001 0.4961215438489702
1.9550000000000001 0.4962323603573189
1.9562500000000000 0.4963431769510905
1.9575000000000000 0.4964539936288205
1.9587500000000000 0.4965648103869301
1.9600000000000000 0.4966756272239163
1.9612499999999999 0.4967864441362337
1.9625000000000001 0.4968972611223519
1.9637500000000001 0.4970080781787489
1.9650000000000001 0.4971188953038732
1.9662500000000001 0.4972297124942252
1.9675000000000000 0.4973405297482295
1.9687500000000000 0.4974513470624129
1.9700000000000000 0.4975621644351716
1.9712499999999999 0.4976729818630649
1.9725000000000001 0.4977837993444518
1.9737500000000001 0.4978946168759344
1.9750000000000001 0.4980054344558250
1.9762500000000001 0.4981162520807768
1.9775000000000000 0.4982270697490480
1.9787500000000000 0.4983378874573478
1.9800000000000000 0.4984487052038775
1.9812500000000000 0.4985595229854048
1.9825000000000002 0.4986703408000729
1.9837500000000001 0.4987811586447062
1.9850000000000001 0.4988919765173938
1.9862500000000001 0.4990027944150116
1.9875000000000000 0.4991136123356004
1.9887500000000000 0.4992244302760807
1.9900000000000000 0.4993352482344397
1.9912500000000000 0.4994460662074982
1.9924999999999999 0.4995568841914394
1.9937500000000001 0.4996677021607026
1.9950000000000001 0.4997785198272261
1.9962500000000001 0.4998893335608035
1.9975000000000001 0.5000000973459068
1.9987500000000000 0.5001102273567237
2.0000000000000000 0.5002123148086565
