0.0000000000000000 0.5003326904565898
0.0012500000000000 0.5004433727210171
0.0025000000000000 0.5005543249676250
0.0037500000000000 0.5006650102454500
0.0050000000000000 0.5007759594111661
0.0062500000000000 0.5008866476576930
0.0075000000000000 0.5009975937329233
0.0087500000000000 0.5011082849986519
0.0100000000000000 0.5012192279480293
0.0112500000000000 0.5013299222647392
0.0125000000000000 0.5014408620270703
0.0137500000000000 0.5015515594205934
0.0150000000000000 0.5016624959913727
0.0162500000000000 0.5017731964054095
0.0175000000000000 0.5018841298301697
0.0187500000000000 0.5019948332092783
0.0200000000000000 0.5021057635081860
0.0212500000000000 0.5022164698206290
0.0225000000000000 0.5023273970036247
0.0237500000000000 0.5024381062206272
0.0250000000000000 0.5025490302932426
0.0262500000000000 0.5026597423935453
0.0275000000000000 0.5027706633533132
0.0287500000000000 0.5028813783190998
0.0300000000000000 0.5029922961672887
0.0312500000000000 0.5031030139704760
0.0325000000000000 0.5032139287226619
0.0337500000000000 0.5033246493200785
0.0350000000000000 0.5034355610050250
0.0362500000000000 0.5035462843438451
0.0375000000000000 0.5036571929956895
0.0387500000000000 0.5037679190216848
0.0400000000000000 0.5038788246728895
0.0412500000000000 0.5039895533352824
0.0425000000000000 0.5041004560144302
0.0437500000000000 0.5042111872656438
0.0450000000000000 0.5043220869995811
0.0462500000000000 0.5044328207919154
0.0475000000000000 0.5045437176095363
0.0487500000000000 0.5046544538915662
0.0500000000000000 0.5047653478267509
0.0512500000000000 0.5048760865414326
0.0525000000000000 0.5049869776337830
0.0537500000000000 0.5050977187188285
0.0550000000000000 0.5052086070124575
0.0562500000000000 0.5053193504019571
0.0575000000000000 0.5054302359438487
0.0587500000000000 0.5055409815694945
0.0600000000000000 0.5056518644088858
0.0612500000000000 0.5057626121998413
0.0625000000000000 0.5058734923889844
0.0637500000000000 0.5059842422706909
0.0650000000000000 0.5060951198661530
0.0662500000000000 0.5062058717593033
0.0675000000000000 0.5063167468223830
0.0687500000000000 0.5064275006434555
0.0700000000000000 0.5065383732385222
0.0712500000000000 0.5066491289026891
0.0725000000000000 0.5067599990931163
0.0737500000000000 0.5068707565192926
0.0750000000000000 0.5069816243617703
0.0762500000000000 0.5070923834785246
0.0775000000000000 0.5072032490174219
0.0787500000000000 0.5073140097678329
0.0800000000000000 0.5074248730315891
0.0812500000000000 0.5075356353751955
0.0825000000000000 0.5076464963762939
0.0837500000000000 0.5077572602870496
0.0850000000000000 0.5078681190260689
0.0862500000000000 0.5079788844864743
0.0875000000000000 0.5080897409593754
0.0887500000000000 0.5082005079522528
0.0900000000000000 0.5083113621589342
0.0912500000000000 0.5084221306591455
0.0925000000000000 0.5085329826108468
0.0937500000000000 0.5086437525792771
0.0950000000000000 0.5087546023028349
0.0962500000000000 0.5088653736841249
0.0975000000000000 0.5089762212222251
0.0987500000000000 0.5090869939464259
0.1000000000000000 0.5091978393543460
0.1012500000000000 0.5093086133414199
0.1025000000000000 0.5094194566817563
0.1037500000000000 0.5095302318471816
0.1050000000000000 0.5096410731843574
0.1062500000000000 0.5097518494441617
0.1075000000000000 0.5098626888401243
0.1087500000000000 0.5099734661142979
0.1100000000000000 0.5100843036260495
0.1112500000000000 0.5101950818400892
0.1125000000000000 0.5103059175189564
0.1137500000000000 0.5104166966039090
0.1150000000000000 0.5105275304960101
0.1162500000000000 0.5106383103876433
0.1175000000000000 0.5107491425349143
0.1187500000000000 0.5108599231726061
0.1200000000000000 0.5109707536138889
0.1212500000000000 0.5110815349396223
0.1225000000000000 0.5111923637115460
0.1237500000000000 0.5113031456691667
0.1250000000000000 0.5114139728067494
0.1262500000000000 0.5115247553414976
0.1275000000000000 0.5116355808785051
0.1287500000000000 0.5117463639367467
0.1300000000000000 0.5118571879059013
0.1312500000000000 0.5119679714349644
0.1325000000000000 0.5120787938680835
0.1337500000000000 0.5121895778161322
0.1350000000000000 0.5123003987442590
0.1362500000000000 0.5124111830601533
0.1375000000000000 0.5125220025137076
0.1387500000000000 0.5126327871468457
0.1400000000000000 0.5127436051557852
0.1412500000000000 0.5128543900559424
0.1425000000000000 0.5129652066499135
0.1437500000000000 0.5130759917671106
0.1450000000000000 0.5131868069755486
0.1462500000000000 0.5132975922599932
0.1475000000000000 0.5134084061121296
0.1487500000000000 0.5135191915142654
0.1500000000000000 0.5136300040390100
0.1512500000000000 0.5137407895097095
0.1525000000000000 0.5138516007353827
0.1537500000000000 0.5139623862262925
0.1550000000000000 0.5140731961801992
0.1562500000000000 0.5141839816442415
0.1575000000000000 0.5142947903521038
0.1587500000000000 0.5144055757440986
0.1600000000000000 0.5145163832293911
0.1612500000000000 0.5146271685067465
0.1625000000000000 0.5147379747900021
0.1637500000000000 0.5148487599133866
0.1650000000000000 0.5149595650115728
0.1662500000000000 0.5150703499454641
0.1675000000000000 0.5151811538715360
0.1687500000000000 0.5152919385845396
0.1700000000000000 0.5154027413472704
0.1712500000000000 0.5155135258121212
0.1725000000000000 0.5156243274162823
0.1737500000000000 0.5157351116094772
0.1750000000000000 0.5158459120563880
0.1762500000000000 0.5159566959574611
0.1775000000000000 0.5160674952458716
0.1787500000000000 0.5161782788363813
0.1800000000000000 0.5162890769635821
0.1812500000000000 0.5163998602259383
0.1825000000000000 0.5165106571889574
0.1837500000000000 0.5166214401052427
0.1850000000000000 0.5167322359019648
0.1862500000000000 0.5168430184529131
0.1875000000000000 0.5169538130829706
0.1887500000000000 0.5170645952472344
0.1900000000000000 0.5171753887125627
0.1912500000000000 0.5172861704663478
0.1925000000000000 0.5173969627713573
0.1937500000000000 0.5175077440884410
0.1950000000000000 0.5176185352398230
0.1962500000000000 0.5177293160919051
0.1975000000000000 0.5178401060981478
0.1987500000000000 0.5179508864554404
0.2000000000000000 0.5180616753261627
0.2012500000000000 0.5181724551581003
0.2025000000000000 0.5182832429033286
0.2037500000000000 0.5183940221792783
0.2050000000000000 0.5185048088087720
0.2062500000000000 0.5186155874986478
0.2075000000000000 0.5187263730213579
0.2087500000000000 0.5188371510960789
0.2100000000000000 0.5189479355197800
0.2112500000000000 0.5190587129515443
0.2125000000000000 0.5191694962826475
0.2137500000000000 0.5192802730450367
0.2150000000000000 0.5193910552885602
0.2162500000000000 0.5195018313565013
0.2175000000000000 0.5196126125161646
0.2187500000000000 0.5197233878657928
0.2200000000000000 0.5198341679441844
0.2212500000000000 0.5199449425526511
0.2225000000000000 0.5200557215514351
0.2237500000000000 0.5201664953966992
0.2250000000000000 0.5202772733168216
0.2262500000000000 0.5203880463774494
0.2275000000000000 0.5204988232193248
0.2287500000000000 0.5206095954743223
0.2300000000000000 0.5207203712379839
0.2312500000000000 0.5208311426666661
0.2325000000000000 0.5209419173518739
0.2337500000000000 0.5210526879337826
0.2350000000000000 0.5211634615400818
0.2362500000000000 0.5212742312549508
0.2375000000000000 0.5213850037816821
0.2387500000000000 0.5214957726094516
0.2400000000000000 0.5216065440557129
0.2412500000000000 0.5217173119765912
0.2425000000000000 0.5218280823411537
0.2437500000000000 0.5219388493357235
0.2450000000000000 0.5220496186169034
0.2462500000000000 0.5221603846662669
0.2475000000000000 0.5222711528617648
0.2487500000000000 0.5223819179477178
0.2500000000000000 0.5224926850544349
0.2512500000000000 0.5226034491596555
0.2525000000000000 0.5227142151735018
0.2537500000000000 0.5228249782817380
0.2550000000000000 0.5229357431974544
0.2562500000000000 0.5230465052936877
0.2575000000000000 0.5231572691046988
0.2587500000000000 0.5232680301752672
0.2600000000000000 0.5233787928735877
0.2612500000000000 0.5234895529062451
0.2625000000000000 0.5236003144824569
0.2637500000000000 0.5237110734663557
0.2650000000000000 0.5238218339096674
0.2662500000000000 0.5239325918352549
0.2675000000000000 0.5240433511336482
0.2687500000000000 0.5241541079924794
0.2700000000000000 0.5242648661329349
0.2712500000000000 0.5243756219174097
0.2725000000000000 0.5244863788862022
0.2737500000000000 0.5245971335892443
0.2750000000000000 0.5247078893722843
0.2762500000000000 0.5248186429869873
0.2775000000000000 0.5249293975701782
0.2787500000000000 0.5250401500894520
0.2800000000000000 0.5251509034590353
0.2812500000000000 0.5252616548752777
0.2825000000000000 0.5253724070181364
0.2837500000000000 0.5254831573229607
0.2850000000000000 0.5255939082268563
0.2862500000000000 0.5257046574108946
0.2875000000000000 0.5258154070646210
0.2887500000000000 0.5259261551174149
0.2900000000000000 0.5260369035108629
0.2912500000000000 0.5261476504208437
0.2925000000000000 0.5262583975449761
0.2937500000000000 0.5263691432995304
0.2950000000000000 0.5264798891462812
0.2962500000000000 0.5265906337318834
0.2975000000000000 0.5267013782939963
0.2987500000000000 0.5268121216963910
0.3000000000000000 0.5269228649672231
0.3012500000000000 0.5270336071716319
0.3025000000000000 0.5271443491449390
0.3037500000000000 0.5272550901362750
0.3050000000000000 0.5273658308060043
0.3062500000000000 0.5274765705690686
0.3075000000000000 0.5275873099291731
0.3087500000000000 0.5276980484488248
0.3100000000000000 0.5278087864931118
0.3112500000000000 0.5279195237543997
0.3125000000000000 0.5280302604764192
0.3137500000000000 0.5281409964646727
0.3150000000000000 0.5282517318576453
0.3162500000000000 0.5283624665585283
0.3175000000000000 0.5284732006153098
0.3187500000000000 0.5285839340148382
0.3200000000000000 0.5286946667279159
0.3212500000000000 0.5288053988124506
0.3225000000000000 0.5289161301739602
0.3237500000000000 0.5290268609301810
0.3250000000000000 0.5291375909319397
0.3262500000000000 0.5292483203468076
0.3275000000000000 0.5293590489803527
0.3287500000000000 0.5294697770410718
0.3300000000000000 0.5295805042976990
0.3312500000000000 0.5296912309916795
0.3325000000000000 0.5298019568624769
0.3337500000000000 0.5299126821773037
0.3350000000000000 0.5300234066531794
0.3362500000000000 0.5301341305765899
0.3375000000000000 0.5302448536482877
0.3387500000000000 0.5303555761681608
0.3400000000000000 0.5304662978262669
0.3412500000000000 0.5305770189306209
0.3425000000000000 0.5306877391655607
0.3437500000000000 0.5307984588425606
0.3450000000000000 0.5309091776445874
0.3462500000000000 0.5310198958825590
0.3475000000000000 0.5311306132417369
0.3487500000000000 0.5312413300291864
0.3500000000000000 0.5313520459353684
0.3512500000000000 0.5314627612610040
0.3525000000000000 0.5315734757038107
0.3537500000000000 0.5316841895565630
0.3550000000000000 0.5317949025253633
0.3562500000000000 0.5319056148944034
0.3575000000000000 0.5320163263782987
0.3587500000000000 0.5321270372530486
0.3600000000000000 0.5322377472408661
0.3612500000000000 0.5323484566110018
0.3625000000000000 0.5324591650912983
0.3637500000000000 0.5325698729467401
0.3650000000000000 0.5326805799078156
0.3662500000000000 0.5327912862387078
0.3675000000000000 0.5329019916686324
0.3687500000000000 0.5330126964653111
0.3700000000000000 0.5331234003519634
0.3712500000000000 0.5332341036049121
0.3725000000000000 0.5333448059360295
0.3737500000000000 0.5334555076358241
0.3750000000000000 0.5335662083990602
0.3762500000000000 0.5336769085363082
0.3775000000000000 0.5337876077192972
0.3787500000000000 0.5338983062845726
0.3800000000000000 0.5340090038749942
0.3812500000000000 0.5341197008587729
0.3825000000000000 0.5342303968444150
0.3837500000000000 0.5343410922370140
0.3850000000000000 0.5344517866058309
0.3862500000000000 0.5345624803973543
0.3875000000000000 0.5346731731375148
0.3887500000000000 0.5347838653178116
0.3900000000000000 0.5348945564177349
0.3912500000000000 0.5350052469763698
0.3925000000000000 0.5351159364247472
0.3937500000000000 0.5352266253509851
0.3950000000000000 0.5353373131367885
0.3962500000000000 0.5354480004195934
0.3975000000000000 0.5355586865320691
0.3987500000000000 0.5356693721601160
0.4000000000000000 0.5357800565887677
0.4012500000000000 0.5358907405504634
0.4025000000000000 0.5360014232850253
0.4037500000000000 0.5361121055685415
0.4050000000000000 0.5362227865989428
0.4062500000000000 0.5363334671922507
0.4075000000000000 0.5364441465085793
0.4087500000000000 0.5365548253994885
0.4100000000000000 0.5366655029919517
0.4112500000000000 0.5367761801681473
0.4125000000000000 0.5368868560270355
0.4137500000000000 0.5369975314761133
0.4150000000000000 0.5371082055917673
0.4162500000000000 0.5372188793012638
0.4175000000000000 0.5373295516640464
0.4187500000000000 0.5374402236214646
0.4200000000000000 0.5375508942217375
0.4212500000000000 0.5376615644145675
0.4225000000000000 0.5377722332426731
0.4237500000000000 0.5378829016584080
0.4250000000000000 0.5379935687046533
0.4262500000000000 0.5381042353308051
0.4275000000000000 0.5382149005854485
0.4287500000000000 0.5383255654095596
0.4300000000000000 0.5384362288627975
0.4312500000000000 0.5385468918724556
0.4325000000000000 0.5386575535144069
0.4337500000000000 0.5387682146972609
0.4350000000000000 0.5388788745179500
0.4362500000000000 0.5389895338617283
0.4375000000000000 0.5391001918510636
0.4387500000000000 0.5392108493435986
0.4400000000000000 0.5393215054913473
0.4412500000000000 0.5394321611206009
0.4425000000000000 0.5395428154163604
0.4437500000000000 0.5396534691704543
0.4450000000000000 0.5397641216036213
0.4462500000000000 0.5398747734708687
0.4475000000000000 0.5399854240306073
0.4487500000000000 0.5400960739995434
0.4500000000000000 0.5402067226747558
0.4512500000000000 0.5403173707341652
0.4525000000000000 0.5404280175134660
0.4537500000000000 0.5405386636524047
0.4550000000000000 0.5406493085241031
0.4562500000000000 0.5407599527319130
0.4575000000000000 0.5408705956840020
0.4587500000000000 0.5409812379503155
0.4600000000000000 0.5410918789704741
0.4612500000000000 0.5412025192852051
0.4625000000000000 0.5413131583608127
0.4637500000000000 0.5414237967141362
0.4650000000000000 0.5415344338323002
0.4662500000000000 0.5416450702146176
0.4675000000000000 0.5417557053622137
0.4687500000000000 0.5418663397641070
0.4700000000000000 0.5419769729278301
0.4712500000000000 0.5420876053400047
0.4725000000000000 0.5421982365064315
0.4737500000000000 0.5423088669196509
0.4750000000000000 0.5424194960753064
0.4762500000000000 0.5425301244803229
0.4775000000000000 0.5426407516117527
0.4787500000000000 0.5427513779992348
0.4800000000000000 0.5428620030930752
0.4812500000000000 0.5429726274535386
0.4825000000000000 0.5430832504965838
0.4837500000000000 0.5431938728203280
0.4850000000000000 0.5433044937995890
0.4862500000000000 0.5434151140766427
0.4875000000000000 0.5435257329793965
0.4887500000000000 0.5436363511994735
0.4900000000000000 0.5437469680133011
0.4912500000000000 0.5438575841657698
0.4925000000000000 0.5439681988785785
0.4937500000000000 0.5440788129524452
0.4950000000000000 0.5441894255524800
0.4962500000000000 0.5443000375363851
0.4975000000000000 0.5444106480122243
0.4987500000000000 0.5445212578944513
0.5000000000000000 0.5446318662349932
0.5012500000000000 0.5447424740034881
0.5025000000000001 0.5448530801979252
0.5037500000000000 0.5449636858403254
0.5050000000000000 0.5450742898781135
0.5062500000000000 0.5451848933817816
0.5075000000000001 0.5452954952526030
0.5087500000000000 0.5454060966046650
0.5100000000000000 0.5455166962983877
0.5112500000000000 0.5456272954857743
0.5125000000000000 0.5457378929924134
0.5137500000000000 0.5458484900018972
0.5150000000000000 0.5459590853115759
0.5162500000000000 0.5460696801298102
0.5175000000000000 0.5461802732327228
0.5187500000000000 0.5462908658462764
0.5200000000000000 0.5464014567326553
0.5212500000000000 0.5465120471280441
0.5225000000000000 0.5466226357881285
0.5237500000000000 0.5467332239518449
0.5250000000000000 0.5468438103758538
0.5262500000000000 0.5469543962943921
0.5275000000000000 0.5470649804724980
0.5287500000000001 0.5471755641323817
0.5300000000000000 0.5472861460546846
0.5312500000000000 0.5473967274424892
0.5325000000000000 0.5475073070989934
0.5337500000000001 0.5476178862013722
0.5350000000000000 0.5477284635819589
0.5362500000000000 0.5478390403856693
0.5375000000000000 0.5479496154800715
0.5387500000000001 0.5480601899720002
0.5400000000000000 0.5481707627697746
0.5412500000000000 0.5482813349369667
0.5425000000000000 0.5483919054274660
0.5437500000000001 0.5485024752571525
0.5450000000000000 0.5486130434294962
0.5462500000000000 0.5487236109091221
0.5475000000000000 0.5488341767521693
0.5487500000000000 0.5489447418694210
0.5500000000000000 0.5490553053717449
0.5512500000000000 0.5491658681145709
0.5525000000000000 0.5492764292644391
0.5537500000000000 0.5493869896210699
0.5550000000000000 0.5494975484064282
0.5562500000000000 0.5496081063653872
0.5575000000000000 0.5497186627738521
0.5587500000000000 0.5498292183239589
0.5600000000000001 0.5499397723428174
0.5612500000000000 0.5500503254731828
0.5625000000000000 0.5501608770894048
0.5637500000000000 0.5502714277894146
0.5650000000000001 0.5503819769896712
0.5662500000000000 0.5504925252489609
0.5675000000000000 0.5506030720196561
0.5687500000000000 0.5507136178280758
0.5700000000000001 0.5508241621553850
0.5712500000000000 0.5509347055029551
0.5725000000000000 0.5510452473728745
0.5737500000000000 0.5511557882497333
0.5750000000000001 0.5512663276481344
0.5762500000000000 0.5513768660444811
0.5775000000000000 0.5514874029571695
0.5787500000000000 0.5515979388632029
0.5800000000000000 0.5517084732759804
0.5812500000000000 0.5518190066818369
0.5825000000000000 0.5519295385805630
0.5837500000000000 0.5520400694762574
0.5850000000000000 0.5521505988469060
0.5862500000000000 0.5522611272222748
0.5875000000000000 0.5523716540509883
0.5887500000000000 0.5524821798956400
0.5900000000000000 0.5525927041687752
0.5912500000000001 0.5527032274720484
0.5925000000000000 0.5528137491762128
0.5937500000000000 0.5529242699271443
0.5950000000000000 0.5530347890492238
0.5962500000000001 0.5531453072365259
0.5975000000000000 0.5532558237637006
0.5987500000000000 0.5533663393757511
0.6000000000000000 0.5534768532955012
0.6012500000000001 0.5535873663203413
0.6025000000000000 0.5536978776204435
0.6037500000000000 0.5538083880457862
0.6050000000000000 0.5539188967142997
0.6062500000000001 0.5540294045275492
0.6075000000000000 0.5541399105527931
0.6087500000000000 0.5542504157410689
0.6100000000000000 0.5543609191115951
0.6112500000000000 0.5544714216617619
0.6125000000000000 0.5545819223663222
0.6137500000000000 0.5546924222650249
0.6150000000000000 0.5548029202925334
0.6162500000000000 0.5549134175262357
0.6175000000000000 0.5550239128657307
0.6187500000000000 0.5551344074207532
0.6200000000000000 0.5552449000613575
0.6212500000000000 0.5553553919239175
0.6225000000000001 0.5554658818547988
0.6237500000000000 0.5555763710110483
0.6250000000000000 0.5556868582213825
0.6262500000000000 0.5557973446574445
0.6275000000000001 0.5559078291363793
0.6287500000000000 0.5560183128383829
0.6300000000000000 0.5561287945750040
0.6312500000000000 0.5562392755291160
0.6325000000000001 0.5563497545124166
0.6337500000000000 0.5564602327048713
0.6350000000000000 0.5565707089237241
0.6362500000000000 0.5566811843408487
0.6375000000000001 0.5567916577839803
0.6387500000000000 0.5569021304122199
0.6400000000000000 0.5570126010681882
0.6412500000000000 0.5571230708941263
0.6425000000000000 0.5572335387513009
0.6437500000000000 0.5573440057616763
0.6450000000000000 0.5574544708082235
0.6462500000000000 0.5575649349899452
0.6475000000000000 0.5576753972138131
0.6487500000000000 0.5577858585539723
0.6500000000000000 0.5578963179428820
0.6512500000000000 0.5580067764287593
0.6525000000000000 0.5581172329701972
0.6537500000000001 0.5582276885892675
0.6550000000000000 0.5583381422704848
0.6562500000000000 0.5584485950104165
0.6575000000000000 0.5585590458184303
0.6587500000000001 0.5586694956670814
0.6600000000000000 0.5587799435886805
0.6612500000000000 0.5588903905340890
0.6625000000000000 0.5590008355558466
0.6637500000000001 0.5591112795862173
0.6650000000000000 0.5592217216945055
0.6662500000000000 0.5593321627981922
0.6675000000000000 0.5594426019792020
0.6687500000000001 0.5595530401446844
0.6700000000000000 0.5596634763844510
0.6712500000000000 0.5597739116003085
0.6725000000000000 0.5598843448847381
0.6737500000000000 0.5599947771396202
0.6750000000000000 0.5601052074545219
0.6762500000000000 0.5602156367371157
0.6775000000000000 0.5603260640682336
0.6787500000000000 0.5604364903672296
0.6800000000000000 0.5605469147002783
0.6812500000000000 0.5606573380043354
0.6825000000000000 0.5607677593250343
0.6837500000000000 0.5608781796227454
0.6850000000000001 0.5609885979168522
0.6862500000000000 0.5610990151967112
0.6875000000000000 0.5612094304500533
0.6887500000000000 0.5613198447004241
0.6900000000000001 0.5614302568989291
0.6912500000000000 0.5615406681080175
0.6925000000000000 0.5616510772377381
0.6937500000000000 0.5617614853935683
0.6950000000000001 0.5618718914407033
0.6962500000000000 0.5619822965310995
0.6975000000000000 0.5620926994820094
0.6987500000000000 0.5622031014945821
0.7000000000000001 0.5623135013358002
0.7012500000000000 0.5624239002579374
0.7025000000000000 0.5625342969761760
0.7037500000000000 0.5626446927950405
0.7050000000000000 0.5627550863771894
0.7062500000000000 0.5628654790797215
0.7075000000000000 0.5629758695128437
0.7087500000000000 0.5630862590857685
0.7100000000000000 0.5631966463570900
0.7112500000000000 0.5633070327869286
0.7125000000000000 0.5634174168838245
0.7137500000000000 0.5635278001569115
0.7150000000000000 0.5636381810668869
0.7162500000000001 0.5637485611693885
0.7175000000000000 0.5638589388800587
0.7187500000000000 0.5639693157979948
0.7200000000000000 0.5640796902970612
0.7212500000000001 0.5641900640163303
0.7225000000000000 0.5643004352915563
0.7237500000000000 0.5644108057979584
0.7250000000000000 0.5645211738371436
0.7262500000000001 0.5646315411164082
0.7275000000000000 0.5647419059073610
0.7287500000000000 0.5648522699451739
0.7300000000000000 0.5649626314756839
0.7312500000000001 0.5650729922577126
0.7325000000000000 0.5651833505155266
0.7337500000000000 0.5652937080274459
0.7350000000000000 0.5654040630002405
0.7362500000000000 0.5655144172277581
0.7375000000000000 0.5656247689031156
0.7387500000000000 0.5657351198319956
0.7400000000000000 0.5658454681973804
0.7412500000000000 0.5659558158134662
0.7425000000000000 0.5660661608562020
0.7437500000000000 0.5661765051454372
0.7450000000000000 0.5662868468526883
0.7462500000000000 0.5663971878011355
0.7475000000000001 0.5665075261598862
0.7487500000000000 0.5666178637537448
0.7500000000000000 0.5667281987507855
0.7512500000000000 0.5668385329764050
0.7525000000000001 0.5669488645983168
0.7537500000000000 0.5670591954422113
0.7550000000000000 0.5671695236753553
0.7562500000000000 0.5672798511242101
0.7575000000000001 0.5673901759547207
0.7587500000000000 0.5675004999953993
0.7600000000000000 0.5676108214091792
0.7612500000000000 0.5677211420287253
0.7625000000000001 0.5678314600114447
0.7637500000000000 0.5679417771970808
0.7650000000000000 0.5680520917341811
0.7662500000000000 0.5681624054733021
0.7675000000000001 0.5682727165500041
0.7687500000000000 0.5683830268301672
0.7700000000000000 0.5684933344314826
0.7712500000000000 0.5686036412403932
0.7725000000000000 0.5687139453511411
0.7737500000000000 0.5688242486766343
0.7750000000000000 0.5689345492814609
0.7762500000000000 0.5690448491114786
0.7775000000000000 0.5691551461948825
0.7787500000000001 0.5692654425174470
0.7800000000000000 0.5693757360638059
0.7812500000000000 0.5694860288669918
0.7825000000000000 0.5695963188605924
0.7837500000000001 0.5697066081324934
0.7850000000000000 0.5698168945575651
0.7862500000000000 0.5699271802862614
0.7875000000000000 0.5700374631270092
0.7887500000000001 0.5701477453005329
0.7900000000000000 0.5702580245411710
0.7912500000000000 0.5703683031474731
0.7925000000000000 0.5704785787722584
0.7937500000000001 0.5705888537991743
0.7950000000000000 0.5706991257924389
0.7962500000000000 0.5708093972276582
0.7975000000000000 0.5709196655738383
0.7987500000000001 0.5710299334048764
0.8000000000000000 0.5711401980885391
0.8012500000000000 0.5712504623027119
0.8025000000000000 0.5713607233085775
0.8037500000000000 0.5714709838929811
0.8050000000000000 0.5715812412059410
0.8062500000000000 0.5716914981474363
0.8075000000000000 0.5718017517525661
0.8087500000000000 0.5719120050377665
0.8100000000000001 0.5720222549203350
0.8112500000000000 0.5721325045356022
0.8125000000000000 0.5722427506810724
0.8137500000000000 0.5723529966125148
0.8150000000000001 0.5724632390065441
0.8162500000000000 0.5725734812400208
0.8175000000000000 0.5726837198684521
0.8187500000000000 0.5727939583895831
0.8200000000000001 0.5729041932384347
0.8212500000000000 0.5730144280326123
0.8225000000000000 0.5731246590880622
0.8237500000000000 0.5732348901404680
0.8250000000000001 0.5733451173888370
0.8262500000000000 0.5734553446844609
0.8275000000000000 0.5735655681121904
0.8287500000000000 0.5736757916358524
0.8300000000000001 0.5737860112294817
0.8312500000000000 0.5738962309658561
0.8325000000000000 0.5740064467119987
0.8337500000000000 0.5741166626456362
0.8350000000000000 0.5742268745309557
0.8362500000000000 0.5743370866463097
0.8375000000000000 0.5744472946574940
0.8387500000000000 0.5745575029389430
0.8400000000000000 0.5746677070626818
0.8412500000000001 0.5747779114945540
0.8425000000000000 0.5748881117175136
0.8437500000000000 0.5749983122841095
0.8450000000000000 0.5751085085929113
0.8462500000000001 0.5752187052785246
0.8475000000000000 0.5753288976597253
0.8487500000000000 0.5754390904486618
0.8500000000000000 0.5755492788887335
0.8512500000000001 0.5756594677653293
0.8525000000000000 0.5757696522506430
0.8537500000000000 0.5758798371992798
0.8550000000000000 0.5759900177160905
0.8562500000000001 0.5761001987212098
0.8575000000000000 0.5762103752556430
0.8587500000000000 0.5763205523017577
0.8600000000000000 0.5764307248397992
0.8612500000000001 0.5765408979115013
0.8625000000000000 0.5766510664389892
0.8637500000000000 0.5767612355209587
0.8650000000000000 0.5768714000235761
0.8662500000000000 0.5769815651005845
0.8675000000000000 0.5770917255638568
0.8687500000000000 0.5772018866207695
0.8700000000000000 0.5773120430300624
0.8712500000000000 0.5774222000518390
0.8725000000000001 0.5775323523923599
0.8737500000000000 0.5776425053640512
0.8750000000000000 0.5777526536208515
0.8762500000000000 0.5778628025275953
0.8775000000000001 0.5779729466855775
0.8787500000000000 0.5780830915125892
0.8800000000000000 0.5781932315565157
0.8812500000000000 0.5783033722890796
0.8825000000000001 0.5784135082035817
0.8837500000000000 0.5785236448270388
0.8850000000000000 0.5786337765966303
0.8862500000000000 0.5787439090963620
0.8875000000000001 0.5788540367054537
0.8887500000000000 0.5789641650668658
0.8900000000000000 0.5790742884997808
0.8912500000000000 0.5791844127082826
0.8925000000000001 0.5792945319492722
0.8937500000000000 0.5794046519902546
0.8950000000000000 0.5795147670235128
0.8962500000000000 0.5796248828823206
0.8975000000000000 0.5797349936919942
0.8987500000000000 0.5798451053538926
0.9000000000000000 0.5799552119240826
0.9012500000000000 0.5800653193742096
0.9025000000000000 0.5801754216889544
0.9037500000000001 0.5802855249122495
0.9050000000000000 0.5803956229554718
0.9062500000000000 0.5805057219365561
0.9075000000000000 0.5806158156919410
0.9087500000000001 0.5807259104149020
0.9100000000000000 0.5808359998656368
0.9112500000000000 0.5809460903136301
0.9125000000000000 0.5810561754418816
0.9137500000000001 0.5811662615963654
0.9150000000000000 0.5812763423822427
0.9162500000000000 0.5813864242215000
0.9175000000000000 0.5814965006410127
0.9187500000000001 0.5816065781372777
0.9200000000000000 0.5817166501583354
0.9212500000000000 0.5818267232721867
0.9225000000000000 0.5819367908467736
0.9237500000000001 0.5820468595161857
0.9250000000000000 0.5821569225650572
0.9262500000000000 0.5822669866840066
0.9275000000000000 0.5823770450667738
0.9287500000000000 0.5824871044434163
0.9300000000000000 0.5825971579000603
0.9312500000000000 0.5827072121749649
0.9325000000000000 0.5828172602114856
0.9337500000000000 0.5829273086977466
0.9350000000000001 0.5830373503625521
0.9362500000000000 0.5831473917331027
0.9375000000000000 0.5832574251796911
0.9387500000000000 0.5833674568557184
0.9400000000000001 0.5834774784872886
0.9412500000000000 0.5835874954418814
0.9425000000000000 0.5836974982379839
0.9437500000000000 0.5838074906556028
0.9450000000000001 0.5839174608982347
0.9462500000000000 0.5840274095951572
0.9475000000000000 0.5841373204625794
0.9487500000000000 0.5842471879253308
0.9500000000000001 0.5843569869553451
0.9512500000000000 0.5844666998021647
0.9525000000000000 0.5845762843555091
0.9537500000000000 0.5846856990087419
0.9550000000000001 0.5847948682426505
0.9562500000000000 0.5849037037362594
0.9575000000000000 0.5850120645971503
0.9587500000000000 0.5851197710551685
0.9600000000000000 0.5852265542779579
0.9612500000000000 0.5853320555087912
0.9625000000000000 0.5854357555539067
0.9637500000000000 0.5855369454577644
0.9650000000000000 0.5856346163182906
0.9662500000000001 0.5857273744813963
0.9675000000000000 0.5858132541550966
0.9687500000000000 0.5858895249871736
0.9700000000000000 0.5859523554382404
0.9712500000000001 0.5859964135783032
0.9725000000000000 0.5860142458223350
0.9737500000000000 0.5859954879124657
0.9750000000000000 0.5859257154819797
0.9762500000000001 0.5857849485975627
0.9775000000000000 0.5855455772865059
0.9787500000000000 0.5851696914354935
0.9800000000000000 0.5846055877837557
0.9812500000000001 0.5837835276840396
0.9825000000000000 0.5826107823773607
0.9837500000000000 0.5809666125355822
0.9850000000000000 0.5786982776546966
0.9862500000000001 0.5756204088346243
0.9875000000000000 0.5715210609759402
0.9887500000000000 0.5661788340329132
0.9900000000000000 0.5593945510244140
0.9912500000000001 0.5510375352820701
0.9925000000000000 0.5410989922906536
0.9937500000000000 0.5297364712775252
0.9950000000000000 0.5172885738756412
0.9962500000000000 0.5042451980080411
0.9975000000000001 0.4911751658353914
0.9987500000000000 0.4786326249296878
1.0000000000000000 0.4670726344820875
1.0012500000000000 0.4568002144315958
1.0024999999999999 0.4479601226581316
1.0037499999999999 0.4405591615979633
1.0050000000000001 0.4345050543332552
1.0062500000000001 0.4296474921150097
1.0075000000000001 0.4258121558318629
1.0087500000000000 0.4228246333717459
1.0100000000000000 0.4205245684774686
1.0112500000000000 0.4187724670939393
1.0125000000000000 0.4174514555506690
1.0137499999999999 0.4164662622772977
1.0150000000000001 0.4157406933588989
1.0162500000000001 0.4152147236874488
1.0175000000000001 0.4148415297620378
1.0187500000000000 0.4145849129554413
1.0200000000000000 0.4144170171608710
1.0212500000000000 0.4143165372870405
1.0225000000000000 0.4142671969980320
1.0237499999999999 0.4142566275530625
1.0249999999999999 0.4142754128055138
1.0262500000000001 0.4143164279376248
1.0275000000000001 0.4143742545048468
1.0287500000000001 0.4144448072012333
1.0300000000000000 0.4145249760681041
1.0312500000000000 0.4146124255326482
1.0325000000000000 0.4147053720330737
1.0337499999999999 0.4148024834007604
1.0349999999999999 0.4149027361650202
1.0362500000000001 0.4150053723320511
1.0375000000000001 0.4151098034390795
1.0387500000000001 0.4152155996382172
1.0400000000000000 0.4153224213140662
1.0412500000000000 0.4154300260025342
1.0425000000000000 0.4155382164598915
1.0437500000000000 0.4156468571504605
1.0449999999999999 0.4157558323338228
1.0462500000000001 0.4158650674420545
1.0475000000000001 0.4159744934438632
1.0487500000000001 0.4160840704930576
1.0500000000000000 0.4161937563727104
1.0512500000000000 0.4163035309754496
1.0525000000000000 0.4164133675168025
1.0537500000000000 0.4165232570788408
1.0549999999999999 0.4166331817921669
1.0562499999999999 0.4167431390533239
1.0575000000000001 0.4168531161714177
1.0587500000000001 0.4169631140806063
1.0600000000000001 0.4170731231226394
1.0612500000000000 0.4171831461899185
1.0625000000000000 0.4172931754218989
1.0637500000000000 0.4174032147726821
1.0649999999999999 0.4175132574670082
1.0662499999999999 0.4176233080128620
1.0675000000000001 0.4177333603083195
1.0687500000000001 0.4178434191281578
1.0700000000000001 0.4179534788052239
1.0712500000000000 0.4180635442188642
1.0725000000000000 0.4181736099986086
1.0737500000000000 0.4182836810364720
1.0750000000000000 0.4183937521790544
1.0762499999999999 0.4185038282785839
1.0775000000000001 0.4186139043532200
1.0787500000000001 0.4187239851850848
1.0800000000000001 0.4188340659381818
1.0812500000000000 0.4189441513067890
1.0825000000000000 0.4190542365863051
1.0837500000000000 0.4191643263728604
1.0850000000000000 0.4192744160848828
1.0862499999999999 0.4193845102148113
1.0875000000000001 0.4194946042986107
1.0887500000000001 0.4196047027229179
1.0900000000000001 0.4197148011366130
1.0912500000000001 0.4198249038212156
1.0925000000000000 0.4199350065335387
1.0937500000000000 0.4200451134531445
1.0950000000000000 0.4201552204387256
1.0962499999999999 0.4202653315733047
1.0974999999999999 0.4203754428099909
1.0987500000000001 0.4204855581427169
1.1000000000000001 0.4205956736100723
1.1012500000000001 0.4207057931260963
1.1025000000000000 0.4208159128045881
1.1037500000000000 0.4209260364902838
1.1050000000000000 0.4210361603608687
1.1062500000000000 0.4211462882033437
1.1074999999999999 0.4212564162472849
1.1087500000000001 0.4213665482340463
1.1100000000000001 0.4214766804328592
1.1112500000000001 0.4215868165515730
1.1125000000000000 0.4216969528870406
1.1137500000000000 0.4218070931253499
1.1150000000000000 0.4219172335795689
1.1162500000000000 0.4220273779249568
1.1174999999999999 0.4221375224803932
1.1187500000000001 0.4222476709200804
1.1200000000000001 0.4223578195596189
1.1212500000000001 0.4224679720804914
1.1225000000000001 0.4225781247874723
1.1237500000000000 0.4226882813760365
1.1250000000000000 0.4227984381342754
1.1262500000000000 0.4229085987766380
1.1274999999999999 0.4230187595704273
1.1287499999999999 0.4231289242522973
1.1300000000000001 0.4232390890663901
1.1312500000000001 0.4233492577730985
1.1325000000000001 0.4234594265926783
1.1337500000000000 0.4235695993092135
1.1350000000000000 0.4236797721198511
1.1362500000000000 0.4237899488309050
1.1375000000000000 0.4239001256185082
1.1387499999999999 0.4240103063085278
1.1400000000000001 0.4241204870592861
1.1412500000000001 0.4242306717125297
1.1425000000000001 0.4243408564128576
1.1437500000000000 0.4244510450134499
1.1450000000000000 0.4245612336499332
1.1462500000000000 0.4246714261819165
1.1475000000000000 0.4247816187412626
1.1487499999999999 0.4248918151886432
1.1500000000000001 0.4250020116576387
1.1512500000000001 0.4251122120044251
1.1525000000000001 0.4252224123699003
1.1537500000000001 0.4253326166001337
1.1550000000000000 0.4254428208489371
1.1562500000000000 0.4255530289467123
1.1575000000000000 0.4256632370656931
1.1587499999999999 0.4257734490151723
1.1599999999999999 0.4258836609911703
1.1612500000000001 0.4259938767765881
1.1625000000000001 0.4261040925964317
1.1637500000000001 0.4262143122020943
1.1650000000000000 0.4263245318526045
1.1662500000000000 0.4264347552628823
1.1675000000000000 0.4265449787308814
1.1687500000000000 0.4266552059301989
1.1699999999999999 0.4267654332025215
1.1712500000000001 0.4268756641753444
1.1725000000000001 0.4269858952388514
1.1737500000000001 0.4270961299696723
1.1750000000000000 0.4272063648112644
1.1762500000000000 0.4273166032845887
1.1775000000000000 0.4274268418912202
1.1787500000000000 0.4275370840915531
1.1799999999999999 0.4276473264502434
1.1812500000000001 0.4277575723620786
1.1825000000000001 0.4278678184599224
1.1837500000000001 0.4279780680677339
1.1850000000000001 0.4280883178919070
1.1862500000000000 0.4281985711801435
1.1875000000000000 0.4283088247179074
1.1887500000000000 0.4284190816709894
1.1899999999999999 0.4285293389096917
1.1912499999999999 0.4286395995120124
1.1925000000000001 0.4287498604390843
1.1937500000000001 0.4288601246750132
1.1950000000000001 0.4289703892779644
1.1962500000000000 0.4290806571318533
1.1975000000000000 0.4291909253982643
1.1987500000000000 0.4293011968544559
1.2000000000000000 0.4294114687719681
1.2012499999999999 0.4295217438148065
1.2025000000000001 0.4296320193711110
1.2037500000000001 0.4297422979849535
1.2050000000000001 0.4298525771677774
1.2062500000000000 0.4299628593370083
1.2075000000000000 0.4300731421341010
1.2087500000000000 0.4301834278431458
1.2100000000000000 0.4302937142422639
1.2112499999999999 0.4304040034756037
1.2125000000000001 0.4305142934644959
1.2137500000000001 0.4306245862066830
1.2150000000000001 0.4307348797730745
1.2162500000000001 0.4308451760087475
1.2175000000000000 0.4309554731403243
1.2187500000000000 0.4310657728542236
1.2200000000000000 0.4311760735386169
1.2212499999999999 0.4312863767155996
1.2224999999999999 0.4313966809403706
1.2237500000000001 0.4315069875654260
1.2250000000000001 0.4316172953180500
1.2262500000000001 0.4317276053763149
1.2275000000000000 0.4318379166441663
1.2287500000000000 0.4319482301209396
1.2300000000000000 0.4320585448912759
1.2312500000000000 0.4321688617720344
1.2324999999999999 0.4322791800319815
1.2337500000000001 0.4323895003023945
1.2350000000000001 0.4324998220389307
1.2362500000000001 0.4326101456848760
1.2375000000000000 0.4327204708848152
1.2387500000000000 0.4328307978923963
1.2400000000000000 0.4329411265423710
1.2412500000000000 0.4330514568979333
1.2424999999999999 0.4331617889843770
1.2437500000000001 0.4332721226745267
1.2450000000000001 0.4333824581836542
1.2462500000000001 0.4334927951952781
1.2475000000000001 0.4336031341130648
1.2487500000000000 0.4337134744333516
1.2500000000000000 0.4338238167455107
1.2512500000000000 0.4339341603619742
1.2524999999999999 0.4340445060539321
1.2537499999999999 0.4341548529544381
1.2550000000000001 0.4342652020113057
1.2562500000000001 0.4343755521841006
1.2575000000000001 0.4344859045906433
1.2587500000000000 0.4345962580243861
1.2600000000000000 0.4347066137649892
1.2612500000000000 0.4348169704487882
1.2625000000000000 0.4349273295074173
1.2637499999999999 0.4350376894308713
1.2650000000000001 0.4351480517910293
1.2662500000000001 0.4352584149442735
1.2675000000000001 0.4353687805889510
1.2687500000000000 0.4354791469627088
1.2700000000000000 0.4355895158743288
1.2712500000000000 0.4356998854599712
1.2725000000000000 0.4358102576203256
1.2737499999999999 0.4359206304099376
1.2750000000000001 0.4360310058001163
1.2762500000000001 0.4361413817865730
1.2775000000000001 0.4362517603868827
1.2787500000000001 0.4363621395639349
1.2800000000000000 0.4364725213538076
1.2812500000000000 0.4365829037161787
1.2825000000000000 0.4366932886740688
1.2837499999999999 0.4368036742175646
1.2849999999999999 0.4369140623208309
1.2862500000000001 0.4370244510424642
1.2875000000000001 0.4371348422672384
1.2887500000000001 0.4372452341653698
1.2900000000000000 0.4373556284864052
1.2912500000000000 0.4374660235609019
1.2925000000000000 0.4375764209514051
1.2937500000000000 0.4376868192038210
1.2949999999999999 0.4377972196352606
1.2962500000000001 0.4379076210690383
1.2975000000000001 0.4380180245109299
1.2987500000000001 0.4381284291316284
1.3000000000000000 0.4382388355512932
1.3012500000000000 0.4383492433668433
1.3025000000000000 0.4384596527291376
1.3037500000000000 0.4385700637501289
1.3049999999999999 0.4386804760171399
1.3062500000000001 0.4387908902571402
1.3075000000000001 0.4389013053878493
1.3087500000000001 0.4390117228637614
1.3100000000000001 0.4391221408136669
1.3112500000000000 0.4392325615461246
1.3125000000000000 0.4393429822668252
1.3137500000000000 0.4394534062806312
1.3149999999999999 0.4395638297193656
1.3162499999999999 0.4396742570439754
1.3175000000000001 0.4397846831431140
1.3187500000000001 0.4398951138131675
1.3200000000000001 0.4400055425096565
1.3212500000000000 0.4401159765655592
1.3225000000000000 0.4402264077903126
1.3237500000000000 0.4403368452788697
1.3250000000000000 0.4404472789561084
1.3262499999999999 0.4405577199312133
1.3275000000000001 0.4406681559777486
1.3287500000000001 0.4407786005011264
1.3300000000000001 0.4408890388255883
1.3312500000000000 0.4409994869675954
1.3325000000000000 0.4411099274696050
1.3337500000000000 0.4412203793100847
1.3350000000000000 0.4413308218793702
1.3362499999999999 0.4414412775085640
1.3375000000000001 0.4415517220240222
1.3387500000000001 0.4416621815435341
1.3400000000000001 0.4417726278722399
1.3412500000000001 0.4418830913960524
1.3425000000000000 0.4419935393922189
1.3437500000000000 0.4421040070477554
1.3450000000000000 0.4422144565516483
1.3462499999999999 0.4423249284808795
1.3474999999999999 0.4424353793176918
1.3487500000000001 0.4425458556782782
1.3500000000000001 0.4426563076569723
1.3512500000000001 0.4427667886234350
1.3525000000000000 0.4428772415355594
1.3537500000000000 0.4429877273004732
1.3550000000000000 0.4430981809189631
1.3562500000000000 0.4432086716941586
1.3574999999999999 0.4433191257721325
1.3587500000000001 0.4434296217898981
1.3600000000000001 0.4435400760594603
1.3612500000000001 0.4436505775737300
1.3625000000000000 0.4437610317447960
1.3637500000000000 0.4438715390323082
1.3650000000000000 0.4439819927914648
1.3662500000000000 0.4440925061528775
1.3674999999999999 0.4442029591622966
1.3687500000000001 0.4443134789232400
1.3700000000000001 0.4444239308196632
1.3712500000000001 0.4445344573317124
1.3725000000000001 0.4446449077255265
1.3737500000000000 0.4447554413670735
1.3750000000000000 0.4448658898414946
1.3762500000000000 0.4449764310185002
1.3774999999999999 0.4450868771288914
1.3787499999999999 0.4451974262754933
1.3800000000000001 0.4453078695488368
1.3812500000000001 0.4454184271277915
1.3825000000000001 0.4455288670623366
1.3837500000000000 0.4456394335652744
1.3850000000000000 0.4457498696303858
1.3862500000000000 0.4458604455778525
1.3875000000000000 0.4459708772140833
1.3887499999999999 0.4460814631553480
1.3900000000000001 0.4461918897747573
1.3912500000000001 0.4463024862873621
1.3925000000000001 0.4464129072741023
1.3937500000000000 0.4465235149631323
1.3950000000000000 0.4466339296743267
1.3962500000000000 0.4467445491713798
1.3975000000000000 0.4468549569383096
1.3987499999999999 0.4469655889001476
1.4000000000000001 0.4470759890297676
1.4012500000000001 0.4471866341366293
1.4025000000000001 0.4472970259134280
1.4037500000000001 0.4474076848669916
1.4050000000000000 0.4475180675552093
1.4062500000000000 0.4476287410761911
1.4075000000000000 0.4477391139224061
1.4087499999999999 0.4478498027477880
1.4099999999999999 0.4479601649838768
1.4112500000000001 0.4480708698637563
1.4125000000000001 0.4481812207102326
1.4137500000000001 0.4482919424042954
1.4150000000000000 0.4484022810740247
1.4162500000000000 0.4485130203476430
1.4175000000000000 0.4486233460499284
1.4187500000000000 0.4487341036698949
1.4199999999999999 0.4488444156149209
1.4212500000000001 0.4489551923448296
1.4225000000000001 0.4490654897484500
1.4237500000000001 0.4491762863437450
1.4250000000000000 0.4492865684325918
1.4262500000000000 0.4493973856353072
1.4275000000000000 0.4495076516521941
1.4287500000000000 0.4496184901854151
1.4299999999999999 0.4497287393950024
1.4312500000000001 0.4498395999570824
1.4325000000000001 0.4499498316517666
1.4337500000000001 0.4500607149103432
1.4350000000000001 0.4501709284163251
1.4362500000000000 0.4502818350021783
1.4375000000000000 0.4503920296856640
1.4387500000000000 0.4505029601864696
1.4399999999999999 0.4506131354599492
1.4412499999999999 0.4507240904139817
1.4425000000000001 0.4508342457425287
1.4437500000000001 0.4509452256323750
1.4450000000000001 0.4510553605399044
1.4462500000000000 0.4511663657862498
1.4475000000000000 0.4512764798616704
1.4487500000000000 0.4513875108172242
1.4500000000000000 0.4514976037204176
1.4512499999999999 0.4516086606640463
1.4525000000000001 0.4517187321316042
1.4537500000000001 0.4518298152627413
1.4550000000000001 0.4519398651133904
1.4562500000000000 0.4520509745467935
1.4575000000000000 0.4521610026864389
1.4587500000000000 0.4522721384473631
1.4600000000000000 0.4523821448736809
1.4612499999999999 0.4524933068935358
1.4625000000000001 0.4526032917000491
1.4637500000000001 0.4527144798126058
1.4650000000000001 0.4528244431921796
1.4662500000000001 0.4529356571303884
1.4675000000000000 0.4530455993780846
1.4687500000000000 0.4531568387715609
1.4700000000000000 0.4532667602867979
1.4712499999999999 0.4533780246600280
1.4724999999999999 0.4534879259479973
1.4737500000000001 0.4535992147193100
1.4750000000000001 0.4537090963916083
1.4762500000000001 0.4538204088729466
1.4775000000000000 0.4539302716473904
1.4787500000000000 0.4540416070449175
1.4800000000000000 0.4541514517445125
1.4812500000000000 0.4542628091600697
1.4824999999999999 0.4543726367111211
1.4837500000000001 0.4544840151445502
1.4850000000000001 0.4545938265739076
1.4862500000000001 0.4547052249262386
1.4875000000000000 0.4548150213576775
1.4887500000000000 0.4549264384351728
1.4900000000000000 0.4550362210849281
1.4912500000000000 0.4551476556039655
1.4924999999999999 0.4552574257754397
1.4937500000000001 0.4553688763682039
1.4950000000000001 0.4554786354458851
1.4962500000000001 0.4555901006668279
1.4975000000000001 0.4556998501094628
1.4987500000000000 0.4558113284424841
1.5000000000000000 0.4559210697755577
1.5012500000000000 0.4560325596418480
1.5024999999999999 0.4561422944494349
1.5037500000000001 0.4562537942159129
1.5050000000000001 0.4563635241319692
1.5062500000000001 0.4564750321202394
1.5075000000000001 0.4565847588194158
1.5087500000000000 0.4566962733151632
1.5100000000000000 0.4568059985032236
1.5112500000000000 0.4569175177659594
1.5125000000000000 0.4570272431698941
1.5137499999999999 0.4571387654429590
1.5150000000000001 0.4572484928008880
1.5162500000000001 0.4573600163216174
1.5175000000000001 0.4574697473725814
1.5187500000000000 0.4575812703825338
1.5200000000000000 0.4576910068562711
1.5212500000000000 0.4578025276114203
1.5225000000000000 0.4579122712182286
1.5237499999999999 0.4580237879990229
1.5250000000000001 0.4581335404198043
1.5262500000000001 0.4582450515409932
1.5275000000000001 0.4583548144175786
1.5287500000000001 0.4584663182377142
1.5300000000000000 0.4585760931635577
1.5312500000000000 0.4586875880940818
1.5325000000000000 0.4587973766054138
1.5337499999999999 0.4589088611192452
1.5350000000000001 0.4590186646867629
1.5362500000000001 0.4591301373263091
1.5375000000000001 0.4592399573474806
1.5387500000000001 0.4593514167320022
1.5400000000000000 0.4594612545240477
1.5412500000000000 0.4595726993563160
1.5425000000000000 0.4596825561499255
1.5437500000000000 0.4597939852221187
1.5449999999999999 0.4599038621559511
1.5462500000000001 0.4600152743547488
1.5475000000000001 0.4601251724707530
1.5487500000000001 0.4602365667815940
1.5500000000000000 0.4603464870211760
1.5512500000000000 0.4604578625316600
1.5525000000000000 0.4605678057327165
1.5537500000000000 0.4606791616351345
1.5549999999999999 0.4607891285299580
1.5562500000000001 0.4609004641229520
1.5575000000000001 0.4610104553370035
1.5587500000000001 0.4611217700263643
1.5600000000000001 0.4612317860779010
1.5612500000000000 0.4613430793765210
1.5625000000000000 0.4614531206770556
1.5637500000000000 0.4615643922040638
1.5649999999999999 0.4616744590596256
1.5662500000000001 0.4617857085387416
1.5675000000000001 0.4618958011518963
1.5687500000000001 0.4620070284090473
1.5700000000000001 0.4621171468816306
1.5712500000000000 0.4622283518418802
1.5725000000000000 0.4623384961783918
1.5737500000000000 0.4624496788622381
1.5750000000000000 0.4625598489738362
1.5762499999999999 0.4626710094929403
1.5775000000000001 0.4627812052019731
1.5787500000000001 0.4628923437543833
1.5800000000000001 0.4630025647993919
1.5812500000000000 0.4631136816643315
1.5825000000000000 0.4632239277054526
1.5837500000000000 0.4633350232377436
1.5850000000000000 0.4634452938624427
1.5862499999999999 0.4635563684866332
1.5875000000000001 0.4636666632156975
1.5887500000000001 0.4637777174199657
1.5900000000000001 0.4638880357136860
1.5912500000000001 0.4639990700435901
1.5925000000000000 0.4641094113080607
1.5937500000000000 0.4642204263602038
1.5950000000000000 0.4643307899536774
1.5962499999999999 0.4644417863693502
1.5975000000000001 0.4645521716085809
1.5987500000000001 0.4646631500674464
1.6000000000000001 0.4647735562339626
1.6012500000000001 0.4648845174478394
1.6025000000000000 0.4649949437940911
1.6037500000000000 0.4651058885008884
1.6050000000000000 0.4652163342562173
1.6062500000000000 0.4653272632140698
1.6074999999999999 0.4654377275904577
1.6087500000000001 0.4655486415721043
1.6100000000000001 0.4656591237696585
1.6112500000000001 0.4657700235571010
1.6125000000000000 0.4658805227692431
1.6137500000000000 0.4659914091487157
1.6150000000000000 0.4661019245670458
1.6162500000000000 0.4662127983243243
1.6174999999999999 0.4663233291431353
1.6187500000000001 0.4664341910592025
1.6200000000000001 0.4665447364796289
1.6212500000000001 0.4666555873267136
1.6225000000000001 0.4667661465605026
1.6237500000000000 0.4668769870985012
1.6250000000000000 0.4669875593713977
1.6262500000000000 0.4670983903446818
1.6274999999999999 0.4672089748994269
1.6287500000000001 0.4673197970340378
1.6300000000000001 0.4674303931329827
1.6312500000000001 0.4675412071342077
1.6325000000000001 0.4676518140615489
1.6337500000000000 0.4677626206118711
1.6350000000000000 0.4678732376755186
1.6362500000000000 0.4679840374329275
1.6375000000000000 0.4680946639660186
1.6387499999999999 0.4682054575626669
1.6400000000000001 0.4683160929247421
1.6412500000000001 0.4684268809659324
1.6425000000000001 0.4685375245437924
1.6437500000000000 0.4686483076072713
1.6450000000000000 0.4687589588155355
1.6462500000000000 0.4688697374510763
1.6475000000000000 0.4689803957324654
1.6487499999999999 0.4690911704617144
1.6500000000000001 0.4692018352870795
1.6512500000000001 0.4693126066036444
1.6525000000000001 0.4694232774717672
1.6537500000000001 0.4695340458415231
1.6550000000000000 0.4696447222787106
1.6562500000000000 0.4697554881402978
1.6575000000000000 0.4698661696997962
1.6587499999999999 0.4699769334652883
1.6600000000000001 0.4700876197265390
1.6612500000000001 0.4701983817822568
1.6625000000000001 0.4703090723500181
1.6637500000000001 0.4704198330574662
1.6650000000000000 0.4705305275608237
1.6662500000000000 0.4706412872577279
1.6675000000000000 0.4707519853490130
1.6687500000000000 0.4708627443504406
1.6699999999999999 0.4709734457040779
1.6712500000000001 0.4710842043036173
1.6725000000000001 0.4711949086149198
1.6737500000000001 0.4713056670859064
1.6750000000000000 0.4714163740698349
1.6762500000000000 0.4715271326666014
1.6775000000000000 0.4716378420565055
1.6787500000000000 0.4717486010156465
1.6799999999999999 0.4718593125619993
1.6812500000000001 0.4719700721036337
1.6825000000000001 0.4720807855727737
1.6837500000000001 0.4721915459017952
1.6850000000000001 0.4723022610746874
1.6862500000000000 0.4724130223819890
1.6875000000000000 0.4725237390530140
1.6887500000000000 0.4726345015166830
1.6899999999999999 0.4727452194924623
1.6912500000000001 0.4728559832789326
1.6925000000000001 0.4729667023771986
1.6937500000000001 0.4730774676423575
1.6950000000000001 0.4731881876908712
1.6962500000000000 0.4732989545811141
1.6975000000000000 0.4734096754166384
1.6987500000000000 0.4735204440698675
1.7000000000000000 0.4736311655371975
1.7012499999999999 0.4737419360837618
1.7025000000000001 0.4738526580348141
1.7037500000000001 0.4739634305983890
1.7050000000000001 0.4740741528913542
1.7062500000000000 0.4741849275897574
1.7075000000000000 0.4742956500883142
1.7087500000000000 0.4744064270342608
1.7100000000000000 0.4745171496068529
1.7112499999999999 0.4746279289086463
1.7125000000000001 0.4747386514278219
1.7137500000000001 0.4748494331899837
1.7150000000000001 0.4749601555317966
1.7162500000000001 0.4750709398556351
1.7175000000000000 0.4751816618991055
1.7187500000000000 0.4752924488832252
1.7200000000000000 0.4754031705098590
1.7212499999999999 0.4755139602506130
1.7225000000000001 0.4756246813439776
1.7237500000000001 0.4757354739358635
1.7250000000000001 0.4758461943812184
1.7262500000000001 0.4759569899172219
1.7275000000000000 0.4760677096012007
1.7287500000000000 0.4761785081730880
1.7300000000000000 0.4762892269834303
1.7312500000000000 0.4764000286819925
1.7324999999999999 0.4765107465073226
1.7337500000000001 0.4766215514225740
1.7350000000000001 0.4767322681522245
1.7362500000000001 0.4768430763735577
1.7375000000000000 0.4769537918974348
1.7387500000000000 0.4770646035137350
1.7400000000000000 0.4771753177222237
1.7412500000000000 0.4772861328219447
1.7424999999999999 0.4773968456058505
1.7437500000000001 0.4775076642770553
1.7450000000000001 0.4776183755275811
1.7462500000000001 0.4777291978579482
1.7475000000000001 0.4778399074667030
1.7487500000000000 0.4779507335435024
1.7500000000000000 0.4780614414025404
1.7512500000000000 0.4781722713125803
1.7524999999999999 0.4782829773144675
1.7537500000000001 0.4783938111440142
1.7550000000000001 0.4785045151819211
1.7562500000000001 0.4786153530165941
1.7575000000000001 0.4787260549844118
1.7587500000000000 0.4788368969090564
1.7600000000000000 0.4789475967015351
1.7612500000000000 0.4790584428000737
1.7625000000000000 0.4791691403129804
1.7637499999999999 0.4792799906682452
1.7650000000000001 0.4793906857985396
1.7662500000000001 0.4795015404920887
1.7675000000000001 0.4796122331381156
1.7687500000000000 0.4797230922500318
1.7700000000000000 0.4798337823117290
1.7712500000000000 0.4799446459204065
1.7725000000000000 0.4800553332995238
1.7737499999999999 0.4801662014814418
1.7750000000000001 0.4802768860817734
1.7762500000000001 0.4803877589112591
1.7775000000000001 0.4804984406388850
1.7787500000000001 0.4806093181878679
1.7800000000000000 0.4807199969514035
1.7812500000000000 0.4808308792891615
1.7825000000000000 0.4809415550000143
1.7837499999999999 0.4810524421929143
1.7850000000000001 0.4811631147655461
1.7862500000000001 0.4812740068767793
1.7875000000000001 0.4813846762289722
1.7887500000000001 0.4814955733182872
1.7900000000000000 0.4816062393714119
1.7912500000000000 0.4817171414948444
1.7925000000000000 0.4818278041741301
1.7937500000000000 0.4819387113837338
1.7949999999999999 0.4820493706185371
1.7962500000000001 0.4821602829621152
1.7975000000000001 0.4822709386861879
1.7987500000000001 0.4823818562070258
1.8000000000000000 0.4824925083587796
1.8012500000000000 0.4826034310953833
1.8025000000000000 0.4827140796181492
1.8037500000000000 0.4828250076039880
1.8049999999999999 0.4829356524462702
1.8062500000000001 0.4830465857095255
1.8075000000000001 0.4831572268252490
1.8087500000000001 0.4832681653885714
1.8100000000000001 0.4833788027373204
1.8112500000000000 0.4834897466175957
1.8125000000000000 0.4836003801648420
1.8137500000000000 0.4837113293729679
1.8149999999999999 0.4838219590902889
1.8162500000000001 0.4839329136309626
1.8175000000000001 0.4840435394962471
1.8187500000000001 0.4841544993677664
1.8200000000000001 0.4842651213654063
1.8212500000000000 0.4843760865594843
1.8225000000000000 0.4844867046805531
1.8237500000000000 0.4845976751821480
1.8250000000000000 0.4847082894245622
1.8262499999999999 0.4848192652117230
1.8275000000000001 0.4849298755803882
1.8287500000000001 0.4850408566241179
1.8300000000000001 0.4851514631310564
1.8312500000000000 0.4852624493951928
1.8325000000000000 0.4853730520596539
1.8337500000000000 0.4854840435007690
1.8350000000000000 0.4855946423493187
1.8362499999999999 0.4857056389166391
1.8375000000000001 0.4858162339832304
1.8387500000000001 0.4859272356185763
1.8400000000000001 0.4860378269445992
1.8412500000000001 0.4861488335823457
1.8425000000000000 0.4862594212166554
1.8437500000000000 0.4863704327837142
1.8450000000000000 0.4864810167826379
1.8462499999999999 0.4865920331984621
1.8475000000000001 0.4867026136257835
1.8487500000000001 0.4868136348023936
1.8500000000000001 0.4869242117293148
1.8512500000000001 0.4870352375713482
1.8525000000000000 0.4871458110764296
1.8537500000000000 0.4872568414812122
1.8550000000000000 0.4873674116502885
1.8562500000000000 0.4874784465079293
1.8574999999999999 0.4875890134340042
1.8587500000000001 0.4877000526275123
1.8600000000000001 0.4878106164106296
1.8612500000000001 0.4879216598160541
1.8625000000000000 0.4880322205631466
1.8637500000000000 0.4881432680497387
1.8650000000000000 0.4882538258744550
1.8662500000000000 0.4883648773048518
1.8674999999999999 0.4884754323273616
1.8687500000000001 0.4885864875577912
1.8700000000000001 0.4886970399045696
1.8712500000000001 0.4888080987850777
1.8725000000000001 0.4889186485886683
1.8737500000000000 0.4890297109633640
1.8750000000000000 0.4891402583621229
1.8762500000000000 0.4892513240694450
1.8774999999999999 0.4893618692072652
1.8787500000000001 0.4894729380802666
1.8800000000000001 0.4895834811062846
1.8812500000000001 0.4896945529729336
1.8825000000000001 0.4898050940412196
1.8837500000000000 0.4899161687247191
1.8850000000000000 0.4900267079939493
1.8862500000000000 0.4901377853130705
1.8875000000000000 0.4902483229461865
1.8887499999999999 0.4903594027156175
1.8900000000000001 0.4904699388794707
1.8912500000000001 0.4905810209101775
1.8925000000000001 0.4906915557751618
1.8937500000000000 0.4908026398747621
1.8950000000000000 0.4909131736144347
1.8962500000000000 0.4910242595875809
1.8975000000000000 0.4911347923782748
1.8987499999999999 0.4912458800270463
1.9000000000000001 0.4913564120474734
1.9012500000000001 0.4914675011717772
1.9025000000000001 0.4915780326026248
1.9037500000000001 0.4916891230006012
1.9050000000000000 0.4917996540241231
1.9062500000000000 0.4919107454925571
1.9075000000000000 0.4920212762921610
1.9087499999999999 0.4921323686268952
1.9100000000000001 0.4922428993867284
1.9112500000000001 0.4923539923830792
1.9125000000000001 0.4924645232876120
1.9137500000000001 0.4925756167407845
1.9150000000000000 0.4926861479743956
1.9162500000000000 0.4927972416798980
1.9175000000000000 0.4929077734264619
1.9187500000000000 0.4930188671805160
1.9199999999999999 0.4931293996229937
1.9212500000000001 0.4932404932229419
1.9225000000000001 0.4933510265429765
1.9237500000000001 0.4934621197876827
1.9250000000000000 0.4935726541652026
1.9262500000000000 0.4936837468554452
1.9275000000000000 0.4937942824682741
1.9287500000000000 0.4939053744071315
1.9299999999999999 0.4940159114306085
1.9312500000000001 0.4941270024238337
1.9325000000000001 0.4942375410304432
1.9337500000000001 0.4943486308868280
1.9350000000000001 0.4944591712458415
1.9362500000000000 0.4945702597775685
1.9375000000000000 0.4946808020546999
1.9387500000000000 0.4947918890776798
1.9399999999999999 0.4949024334347538
1.9412500000000001 0.4950135187689499
1.9425000000000001 0.4951240653635861
1.9437500000000001 0.4952351488333223
1.9450000000000001 0.4953456978186341
1.9462500000000000 0.4954567792528875
1.9475000000000000 0.4955673307771987
1.9487500000000000 0.4956784100098739
1.9500000000000000 0.4957889642164522
1.9512500000000002 0.4959000410866394
1.9525000000000001 0.4960105981134484
1.9537500000000001 0.4961216724656613
1.9550000000000001 0.4962322324451308
1.9562500000000000 0.4963433041295272
1.9575000000000000 0.4964538671883430
1.9587500000000000 0.4965649360609247
1.9600000000000000 0.4966755023198373
1.9612499999999999 0.4967865682426321
1.9625000000000001 0.4968971378162857
1.9637500000000001 0.4970082006575072
1.9650000000000001 0.4971187736542892
1.9662500000000001 0.4972298332884778
1.9675000000000000 0.4973404098103880
1.9687500000000000 0.4974514661185315
1.9700000000000000 0.4975620462610710
1.9712499999999999 0.4976730991307052
1.9725000000000001 0.4977836829827863
1.9737500000000001 0.4978947323080751
1.9750000000000001 0.4980053199519511
1.9762500000000001 0.4981163656337463
1.9775000000000000 0.4982269571449610
1.9787500000000000 0.4983379990908433
1.9800000000000000 0.4984485945381997
1.9812500000000000 0.4985596326625003
1.9825000000000002 0.4986702321080488
1.9837500000000001 0.4987812663318512
1.9850000000000001 0.4988918698308963
1.9862500000000001 0.4990029000820206
1.9875000000000000 0.4991135076831462
1.9887500000000000 0.4992245338961135
1.9900000000000000 0.4993351456412128
1.9912500000000000 0.4994461677570326
1.9924999999999999 0.4995567836793254
1.9937500000000001 0.4996678016194577
1.9950000000000001 0.4997784214153177
1.9962500000000001 0.4998894309052133
1.9975000000000001 0.5000000011282341
1.9987500000000000 0.5001103215103510
2.0000000000000000 0.5002122340168351
