0.8517940000000001
0.8630370000000001
0.8574690000000000
0.8445200000000000
0.8485770000000000
0.8552900000000000
0.8411630000000000
0.8378370000000001
0.8574610000000000
0.8468250000000000
0.8406340000000000
0.8432020000000000
0.8453590000000000
0.8403750000000000
0.8514460000000000
0.8457320000000000
0.8386330000000000
0.8390830000000000
0.8427320000000000
0.8576930000000000
0.8636350000000000
0.8441000000000000
0.8422880000000000
0.8472780000000000
0.8436930000000000
0.8459510000000000
0.8420520000000000
0.8462070000000000
0.8363890000000000
0.8543190000000001
